0.000	7390.380	18.713	767.500	881.403	20.000
0.020	7404.800	38.887	677.417	1105.113	21.000
0.040	7417.420	61.982	566.167	1183.719	18.000
0.060	7427.740	85.610	508.750	1165.843	20.000
0.080	7438.020	108.400	495.500	1137.443	20.000
0.100	7447.500	130.430	460.750	978.836	21.000
0.120	7456.580	147.561	448.667	830.055	20.000
0.140	7465.640	163.977	474.500	762.606	20.000
0.160	7475.460	177.564	474.000	590.877	19.000
0.180	7484.660	187.422	479.583	397.848	20.000
0.200	7494.980	193.310	550.250	174.708	20.000
0.220	7506.700	194.466	624.833	-37.591	21.000
0.240	7519.720	191.987	653.750	-218.132	20.000
0.260	7532.620	185.855	638.833	-387.072	20.000
0.280	7545.440	176.772	661.833	-505.995	20.000
0.300	7559.140	165.651	690.167	-627.581	20.000
0.320	7573.040	151.791	723.417	-728.438	20.000
0.340	7587.780	136.622	695.083	-810.847	18.000
0.360	7600.940	119.370	685.333	-896.870	21.000
0.380	7615.520	100.885	743.167	-955.508	20.000
0.400	7630.480	81.137	754.083	-1026.190	20.000
0.420	7645.740	60.080	781.333	-1061.056	20.000
0.440	7661.720	39.222	801.000	-1017.125	20.000
0.460	7677.920	20.220	847.583	-845.459	21.000
0.480	7695.680	6.359	909.583	-523.745	20.000
0.500	7714.000	0.091	917.583	-68.971	20.000
0.520	7732.060	3.895	876.167	438.292	20.000
0.540	7748.740	17.055	782.833	850.467	20.000
0.560	7763.320	36.879	686.083	1094.336	20.000
0.580	7776.200	59.852	591.000	1184.733	19.000
0.600	7787.080	83.632	509.250	1184.607	20.000
0.620	7796.980	106.742	510.917	1108.473	21.000
0.640	7807.340	127.692	465.833	988.535	19.000
0.660	7815.660	146.299	426.333	880.705	20.000
0.680	7824.720	162.836	450.000	761.338	20.000
0.700	7833.700	176.529	469.917	604.950	20.000
0.720	7843.660	186.814	517.500	420.035	20.000
0.740	7854.400	192.930	563.833	148.337	20.000
0.760	7866.120	193.234	589.167	-18.194	20.000
0.780	7878.060	192.291	636.667	-174.201	21.000
0.800	7891.540	186.068	677.750	-383.205	20.000
0.820	7904.960	177.411	679.417	-497.818	20.000
0.840	7918.660	166.168	672.583	-625.045	20.000
0.860	7931.960	152.567	683.917	-723.176	20.000
0.880	7946.120	137.322	716.167	-810.213	20.000
0.900	7960.500	120.206	726.583	-891.545	20.000
0.920	7975.100	101.737	719.917	-960.452	19.000
0.940	7989.420	81.852	736.167	-1023.781	20.000
0.960	8004.700	60.993	779.583	-1060.422	20.000
0.980	8020.620	39.967	818.583	-1014.906	21.000
1.000	8037.600	21.163	893.917	-852.432	21.000
1.020	8056.160	6.785	939.250	-549.545	20.000
1.040	8074.480	0.122	841.000	-88.432	18.000
1.060	8090.240	3.530	857.083	418.451	21.000
1.080	8108.400	16.340	801.417	840.958	19.000
1.100	8121.820	36.103	642.083	1087.997	20.000
1.120	8134.780	58.879	642.667	1181.691	22.000
1.140	8147.180	82.719	557.167	1182.451	19.000
1.160	8157.040	105.662	462.917	1102.007	19.000
1.180	8166.180	126.581	464.833	991.388	21.000
1.200	8175.680	145.294	464.417	883.114	20.000
1.220	8184.740	161.847	460.583	769.896	21.000
1.240	8194.060	175.844	441.333	613.761	18.000
1.260	8202.680	186.205	471.417	431.129	20.000
1.280	8213.280	192.854	574.000	204.629	21.000
1.300	8225.360	194.451	618.083	-9.382	20.000
1.320	8237.740	192.702	616.000	-181.111	19.000
1.340	8250.020	187.240	620.583	-356.010	20.000
1.360	8262.720	178.629	656.833	-503.967	20.000
1.380	8276.260	167.309	684.833	-613.761	20.000
1.400	8290.020	154.210	695.083	-703.778	20.000
1.420	8304.060	139.194	707.167	-791.259	20.000
1.440	8318.300	122.610	720.000	-869.802	20.000
1.460	8332.780	104.414	714.000	-950.056	20.000
1.480	8346.980	84.727	731.167	-1011.863	20.000
1.500	8362.140	64.143	767.083	-1047.236	20.000
1.520	8377.700	43.284	809.167	-1015.223	20.000
1.540	8394.440	24.206	836.167	-882.100	19.000
1.560	8411.180	8.885	871.833	-613.381	21.000
1.580	8429.300	0.654	913.750	-180.667	20.000
1.600	8447.340	2.084	886.583	320.827	20.000
1.620	8464.420	13.160	804.000	771.734	20.000
1.640	8479.360	31.934	699.167	1054.843	20.000
1.660	8492.500	54.238	619.917	1156.714	20.000
1.680	8504.180	77.546	538.333	1166.603	20.000
1.700	8514.200	100.443	484.667	1107.268	20.000
1.720	8523.760	121.591	462.167	1012.117	20.000
1.740	8532.820	140.852	460.500	911.831	21.000
1.760	8542.220	157.907	464.667	785.047	20.000
1.780	8551.360	172.132	452.667	641.717	20.000
1.800	8560.560	183.421	484.667	475.630	20.000
1.820	8570.900	190.952	544.917	272.712	20.000
1.840	8582.220	194.314	571.417	73.091	19.000
1.860	8593.860	193.827	623.667	-140.033	21.000
1.880	8607.100	188.883	665.000	-325.138	20.000
1.900	8620.260	181.108	671.583	-460.353	20.000
1.920	8633.820	170.596	650.500	-581.368	19.000
1.940	8646.440	158.013	659.833	-673.540	21.000
1.960	8660.420	143.651	711.250	-771.988	20.000
1.980	8674.700	127.205	719.333	-857.250	19.000
2.000	8689.200	109.404	735.750	-938.772	21.000
2.020	8704.040	89.778	734.167	-1001.150	20.000
2.040	8718.560	69.544	724.750	-1036.459	19.000
2.060	8733.380	48.594	780.583	-1038.171	19.000
2.080	8749.980	28.679	877.417	-936.680	21.000
2.100	8768.060	12.019	888.417	-698.707	20.000
2.120	8785.420	1.750	887.167	-294.139	20.000
2.140	8803.680	0.852	936.500	209.067	21.000
2.160	8822.020	9.935	810.583	684.634	19.000
2.180	8836.100	27.324	696.750	1010.279	21.000
2.200	8850.240	49.218	660.250	1151.833	20.000
2.220	8862.220	72.647	550.250	1185.177	19.000
2.240	8872.520	96.077	497.083	1136.555	20.000
2.260	8882.280	117.757	471.000	1032.149	20.000
2.280	8891.420	137.322	450.917	930.975	21.000
2.300	8900.380	154.895	437.917	813.003	19.000
2.320	8909.100	169.744	452.333	683.303	20.000
2.340	8918.620	182.006	491.333	519.371	21.000
2.360	8928.780	190.222	530.667	300.732	20.000
2.380	8939.900	194.071	581.750	96.166	20.000
2.400	8951.980	194.086	621.667	-110.556	20.000
2.420	8964.600	189.841	626.000	-282.792	19.000
2.440	8977.180	182.919	670.000	-434.109	21.000
2.460	8991.260	172.604	682.417	-569.767	19.000
2.480	9004.460	160.372	692.833	-659.087	21.000
2.500	9019.060	146.207	728.500	-764.888	20.000
2.520	9033.300	129.928	696.667	-840.768	20.000
2.540	9047.140	112.630	712.000	-908.344	20.000
2.560	9061.900	93.536	748.417	-994.114	20.000
2.580	9076.980	73.073	759.333	-1045.715	20.000
2.600	9092.400	52.063	799.667	-1045.905	20.000
2.620	9108.900	31.813	821.500	-960.769	20.000
2.640	9125.340	14.469	863.083	-747.772	21.000
2.660	9143.340	2.906	891.083	-372.682	18.000
2.680	9160.780	0.274	884.083	121.396	21.000
2.700	9178.560	7.698	872.833	605.711	21.000
2.720	9194.920	23.673	703.833	952.275	18.000
2.740	9206.980	44.729	593.167	1128.188	20.000
2.760	9219.220	67.977	597.417	1180.676	21.000
2.780	9230.600	91.361	531.667	1144.289	20.000
2.800	9240.500	113.360	471.833	1046.539	20.000
2.820	9249.620	133.169	434.083	948.915	20.000
2.840	9258.140	151.274	449.000	850.277	20.000
2.860	9267.540	166.929	446.750	706.504	19.000
2.880	9276.100	179.374	456.417	541.812	20.000
2.900	9286.080	188.411	522.333	342.634	20.000
2.920	9296.920	193.097	567.167	151.570	20.000
2.940	9308.740	194.482	610.917	-35.943	21.000
2.960	9321.260	191.561	636.833	-251.159	20.000
2.980	9334.180	184.745	656.583	-405.519	19.000
3.000	9347.600	175.479	698.500	-546.883	21.000
3.020	9361.880	163.156	690.667	-636.266	20.000
3.040	9375.220	150.102	687.667	-713.604	21.000
3.060	9389.380	134.432	680.917	-834.936	18.000
3.080	9402.560	116.951	689.333	-902.449	20.000
3.100	9417.180	98.329	745.250	-984.668	20.000
3.120	9432.180	77.866	755.500	-1007.109	21.000
3.140	9447.480	58.072	784.083	-1041.911	20.000
3.160	9463.640	36.605	830.000	-1022.260	20.000
3.180	9480.680	18.303	875.500	-809.706	19.000
3.200	9498.580	5.051	910.083	-479.434	21.000
3.220	9516.880	-0.030	914.750	-5.578	20.000
3.240	9534.820	5.005	863.583	499.212	21.000
3.260	9551.060	19.276	748.083	894.778	19.000
3.280	9564.760	39.694	640.083	1107.522	19.000
3.300	9576.860	62.728	566.500	1196.271	20.000
3.320	9587.600	86.812	521.500	1171.484	20.000
3.340	9597.820	109.115	490.000	1072.339	20.000
3.360	9607.280	129.639	471.917	973.258	21.000
3.380	9616.700	147.987	449.500	863.209	19.000
3.400	9625.380	164.206	447.083	774.904	20.000
3.420	9634.740	178.476	466.833	590.433	19.000
3.440	9644.300	187.574	534.583	365.962	22.000
3.460	9656.020	193.234	579.417	172.299	20.000
3.480	9667.320	194.436	592.000	-38.289	20.000
3.500	9679.840	192.017	642.083	-178.765	20.000
3.520	9692.780	187.027	642.167	-384.219	20.000
3.540	9705.600	176.864	661.167	-552.271	20.000
3.560	9719.280	165.423	691.500	-626.503	20.000
3.580	9733.160	151.730	700.250	-733.319	20.000
3.600	9747.300	136.318	716.167	-787.139	20.000
3.620	9761.700	120.024	707.667	-892.179	20.000
3.640	9775.720	100.687	721.417	-988.725	19.000
3.660	9790.680	80.802	761.083	-1024.035	20.000
3.680	9806.000	59.837	759.333	-1055.414	20.000
3.700	9821.280	38.994	803.500	-1033.290	20.000
3.720	9838.280	19.520	875.000	-842.353	20.000
3.740	9856.080	6.253	907.417	-502.192	21.000
3.760	9874.400	0.076	917.917	-67.196	20.000
3.780	9892.460	3.971	872.667	447.738	20.000
3.800	9909.020	17.390	781.917	860.420	20.000
3.820	9923.600	37.305	666.417	1094.844	20.000
3.840	9935.860	60.248	585.917	1186.952	20.000
3.860	9947.240	84.073	541.000	1171.421	20.000
3.880	9957.520	106.666	492.083	1088.441	20.000
3.900	9967.040	127.509	463.083	1000.389	21.000
3.920	9976.160	146.512	454.833	882.987	20.000
3.940	9985.220	162.745	433.250	757.978	18.000
3.960	9993.800	176.636	470.417	602.351	21.000
3.980	10004.180	186.586	534.167	400.891	19.000
4.000	10014.940	192.671	545.333	208.623	20.000
4.020	10026.140	194.816	589.167	-8.431	20.000
4.040	10038.600	192.413	658.333	-212.363	22.000
4.060	10052.060	186.540	640.750	-379.845	18.000
4.080	10064.300	177.427	639.083	-517.596	20.000
4.100	10077.960	166.092	712.750	-608.056	21.000
4.120	10092.420	153.054	699.917	-716.013	20.000
4.140	10105.960	137.490	692.667	-820.610	20.000
4.160	10120.320	120.450	726.000	-881.973	20.000
4.180	10134.920	102.208	738.333	-950.563	20.000
4.200	10149.860	82.476	752.750	-1013.702	20.000
4.220	10165.080	61.830	780.083	-1057.632	21.000
4.240	10180.940	40.713	775.000	-1016.681	18.000
4.260	10196.340	21.939	820.500	-855.475	20.000
4.280	10213.940	7.348	905.333	-566.788	20.000
4.300	10232.160	0.228	917.750	-115.754	21.000
4.320	10250.220	3.058	856.250	391.129	19.000
4.340	10266.320	15.397	789.500	820.483	21.000
4.360	10281.720	34.825	712.333	1077.411	20.000
4.380	10294.680	57.448	607.000	1166.857	20.000
4.400	10306.140	80.893	528.167	1173.640	20.000
4.420	10316.000	103.897	479.750	1102.260	20.000
4.440	10325.520	124.740	463.500	995.191	20.000
4.460	10334.580	143.682	449.417	893.067	20.000
4.480	10343.540	160.326	438.750	769.072	19.000
4.500	10352.300	174.247	458.833	610.719	21.000
4.520	10361.980	184.684	487.917	447.738	19.000
4.540	10371.980	191.971	549.667	252.554	21.000
4.560	10383.880	194.664	591.167	36.514	19.000
4.580	10395.580	193.478	625.083	-171.729	21.000
4.600	10408.900	187.970	671.250	-354.742	20.000
4.620	10422.120	179.633	653.583	-476.137	20.000
4.640	10435.100	169.044	650.833	-582.192	19.000
4.660	10448.320	156.340	679.917	-694.650	20.000
4.680	10462.300	141.354	707.750	-790.879	20.000
4.700	10476.540	124.832	717.250	-864.350	21.000
4.720	10491.000	106.788	730.500	-942.766	20.000
4.740	10505.780	87.253	750.000	-997.473	20.000
4.760	10520.900	66.988	739.833	-1045.841	19.000
4.780	10535.740	45.825	810.250	-1033.607	21.000
4.800	10553.120	26.366	835.000	-907.964	19.000
4.820	10569.080	10.346	846.417	-658.326	20.000
4.840	10587.220	1.065	919.750	-235.565	20.000
4.860	10605.400	1.415	900.750	266.944	20.000
4.880	10622.940	11.456	841.500	723.049	21.000
4.900	10638.660	29.409	704.000	1027.394	20.000
4.920	10651.340	51.484	619.333	1160.581	21.000
4.940	10663.640	75.066	574.000	1180.486	20.000
4.960	10674.140	98.176	484.417	1117.982	19.000
4.980	10683.300	119.628	450.667	1045.334	20.000
5.000	10692.360	139.665	449.167	913.479	20.000
5.020	10701.240	156.096	433.167	772.051	20.000
5.040	10709.860	170.687	450.417	669.039	20.000
5.060	10719.340	182.508	478.083	498.325	19.000
5.080	10729.060	190.389	516.000	289.511	20.000
5.100	10740.100	194.117	581.417	91.918	20.000
5.120	10752.100	194.071	598.083	-108.781	20.000
5.140	10764.120	189.902	642.500	-287.356	21.000
5.160	10777.680	182.782	663.583	-431.509	19.000
5.180	10790.540	172.771	656.667	-560.322	20.000
5.200	10804.200	160.585	710.833	-643.809	22.000
5.220	10818.680	146.801	700.000	-785.934	19.000
5.240	10832.200	129.533	691.250	-850.404	20.000
5.260	10846.540	112.980	729.083	-876.648	20.000
5.280	10861.180	94.114	722.333	-985.112	20.000
5.300	10875.540	73.849	736.000	-1038.615	20.000
5.320	10890.840	52.915	794.917	-1044.637	20.000
5.340	10907.180	32.649	811.667	-962.354	19.000
5.360	10923.520	15.229	876.833	-757.281	21.000
5.380	10942.180	3.332	936.667	-396.834	20.000
5.400	10960.400	0.122	884.083	91.982	20.000
5.420	10977.420	7.029	826.917	585.615	20.000
5.440	10993.260	22.730	727.083	943.146	19.000
5.460	11006.600	43.649	649.250	1118.425	21.000
5.480	11019.340	66.729	595.917	1192.657	20.000
5.500	11030.240	90.600	492.500	1143.782	19.000
5.520	11039.360	112.097	450.333	1035.128	20.000
5.540	11048.560	132.089	463.167	956.839	20.000
5.560	11057.820	150.209	453.750	848.565	21.000
5.580	11066.760	165.849	451.917	711.702	20.000
5.600	11076.060	178.522	483.750	551.764	20.000
5.620	11086.020	187.787	488.583	372.301	19.000
5.640	11095.800	193.295	531.167	173.250	20.000
5.660	11107.420	194.679	605.583	-31.759	20.000
5.680	11119.780	192.078	628.583	-230.810	21.000
5.700	11132.520	185.673	646.833	-392.523	19.000
5.720	11145.740	176.636	689.500	-511.066	21.000
5.740	11159.860	165.347	682.250	-613.508	19.000
5.760	11173.020	152.126	673.917	-713.160	21.000
5.780	11187.020	136.835	708.917	-814.524	20.000
5.800	11201.280	119.704	721.750	-886.918	21.000
5.820	11215.800	101.463	716.167	-941.371	19.000
5.840	11230.040	82.004	734.750	-1012.814	20.000
5.860	11245.220	61.161	753.167	-1055.350	20.000
5.880	11260.300	40.363	793.667	-1006.158	20.000
5.900	11277.120	21.619	866.417	-853.066	20.000
5.920	11294.760	7.151	903.417	-558.991	20.000
5.940	11312.960	0.198	887.583	-108.464	19.000
5.960	11330.200	3.149	874.000	398.482	22.000
5.980	11347.620	15.640	812.417	823.843	20.000
6.000	11362.280	35.053	665.500	1076.967	19.000
6.020	11374.620	57.707	602.000	1170.914	21.000
6.040	11386.480	81.213	555.833	1164.892	20.000
6.060	11396.740	103.897	479.000	1101.056	20.000
6.080	11405.840	124.999	438.833	997.790	19.000
6.100	11414.540	143.743	440.583	890.468	20.000
6.120	11423.560	160.509	456.250	765.902	20.000
6.140	11432.760	174.262	459.250	626.060	19.000
6.160	11442.100	185.338	493.667	453.887	21.000
6.180	11452.640	192.123	554.417	225.485	20.000
6.200	11464.120	194.466	575.500	22.948	19.000
6.220	11475.860	193.173	648.833	-155.247	21.000
6.240	11489.740	188.229	651.083	-348.973	19.000
6.260	11501.880	179.481	653.500	-494.775	21.000
6.280	11516.020	168.679	689.333	-600.893	20.000
6.300	11529.260	155.518	680.833	-699.214	20.000
6.320	11543.340	140.745	697.167	-795.316	19.000
6.340	11557.040	123.827	684.667	-869.612	20.000
6.360	11570.940	106.027	714.000	-935.793	20.000
6.380	11585.740	86.477	768.000	-987.267	21.000
6.400	11601.580	66.531	804.500	-1052.878	20.000
6.420	11617.840	44.805	828.750	-1052.498	20.000
6.440	11634.660	25.347	837.417	-899.786	20.000
6.460	11651.480	9.600	879.750	-637.787	20.000
6.480	11669.720	0.837	899.333	-206.848	20.000
6.500	11687.180	1.795	873.250	300.668	20.000
6.520	11704.420	12.552	814.500	758.929	20.000
6.540	11719.500	31.158	707.000	1053.702	20.000
6.560	11732.800	53.599	627.250	1171.738	20.000
6.580	11744.540	77.288	526.750	1181.057	19.000
6.600	11754.200	100.367	488.583	1120.961	21.000
6.620	11764.280	121.850	485.250	1017.886	20.000
6.640	11773.460	141.065	441.167	921.403	19.000
6.660	11782.160	158.576	443.417	806.917	21.000
6.680	11791.360	173.045	469.500	639.118	20.000
6.700	11801.060	184.030	517.417	459.212	20.000
6.720	11811.980	191.302	546.833	260.414	20.000
6.740	11822.940	194.421	577.250	60.032	20.000
6.760	11835.160	193.675	633.750	-148.274	20.000
6.780	11847.960	188.609	618.250	-340.035	19.000
6.800	11860.040	180.393	637.000	-475.313	20.000
6.820	11873.600	169.774	686.833	-585.806	20.000
6.840	11887.400	157.070	712.417	-679.436	21.000
6.860	11902.000	142.617	729.083	-772.051	20.000
6.880	11916.260	126.201	679.750	-864.667	19.000
6.900	11929.500	108.111	694.333	-945.365	20.000
6.920	11944.260	88.546	751.417	-999.755	20.000
6.940	11959.360	68.266	760.000	-1037.220	21.000
6.960	11974.800	47.377	799.833	-1029.423	19.000
6.980	11991.420	27.690	851.250	-934.145	21.000
7.000	12008.780	11.000	892.917	-681.718	20.000
7.020	12026.900	1.445	891.750	-260.541	19.000
7.040	12044.340	1.035	881.083	231.001	20.000
7.060	12061.880	10.498	828.750	696.361	20.000
7.080	12077.160	27.979	713.833	1010.912	21.000
7.100	12090.560	49.872	631.750	1156.207	19.000
7.120	12102.460	73.408	550.000	1176.809	20.000
7.140	12112.660	96.442	481.333	1124.131	20.000
7.160	12121.960	118.107	454.833	1034.558	20.000
7.180	12131.040	137.672	458.083	921.910	21.000
7.200	12140.340	154.955	468.583	813.066	20.000
7.220	12149.760	169.972	476.167	661.813	21.000
7.240	12159.260	181.367	450.417	508.721	18.000
7.260	12168.120	190.130	487.750	324.631	20.000
7.280	12179.120	194.132	594.917	97.750	21.000
7.300	12191.580	194.177	630.167	-102.695	20.000
7.320	12204.160	190.283	641.750	-253.314	20.000
7.340	12217.200	183.984	646.000	-426.058	20.000
7.360	12230.060	173.380	662.167	-579.340	20.000
7.380	12243.740	161.208	692.167	-655.156	20.000
7.400	12257.560	147.120	678.167	-756.203	19.000
7.420	12271.080	131.145	711.583	-815.728	21.000
7.440	12286.020	114.364	746.000	-905.492	21.000
7.460	12300.640	94.936	719.333	-997.600	18.000
7.480	12315.000	74.762	735.750	-1035.762	21.000
7.500	12330.280	53.751	789.500	-1047.299	20.000
7.520	12346.560	33.471	838.083	-963.812	20.000
7.540	12363.640	15.960	853.500	-767.107	20.000
7.560	12380.740	3.743	882.750	-418.197	20.000
7.580	12398.880	0.030	911.917	65.738	20.000
7.600	12416.620	6.405	826.667	554.046	19.000
7.620	12431.820	21.482	727.833	928.693	20.000
7.640	12445.860	42.386	658.333	1109.107	21.000
7.660	12458.120	64.995	575.500	1161.025	20.000
7.680	12469.020	88.318	519.083	1143.909	20.000
7.700	12478.980	110.287	479.167	1046.983	20.000
7.720	12488.160	130.187	422.000	963.749	18.000
7.740	12496.240	148.672	441.833	850.721	22.000
7.760	12505.820	164.099	448.083	721.528	19.000
7.780	12514.220	177.411	459.583	577.691	21.000
7.800	12524.460	186.935	524.583	384.346	20.000
7.820	12535.060	192.717	555.083	183.076	20.000
7.840	12546.640	194.299	584.500	-10.016	20.000
7.860	12558.440	192.382	613.583	-192.014	19.000
7.880	12571.220	186.662	652.750	-373.189	21.000
7.900	12584.440	177.701	672.500	-512.778	20.000
7.920	12597.980	166.412	662.417	-607.549	19.000
7.940	12611.120	153.449	697.250	-698.643	21.000
7.960	12625.680	138.463	689.500	-793.034	19.000
7.980	12638.700	121.789	678.667	-877.282	20.000
8.000	12653.140	103.456	737.667	-949.422	20.000
8.020	12667.920	83.936	728.667	-1001.911	20.000
8.040	12682.400	63.504	743.500	-1044.700	20.000
8.060	12697.900	42.630	804.583	-1011.863	20.000
8.080	12714.540	23.734	853.083	-871.260	20.000
8.100	12731.940	8.626	892.583	-603.365	20.000
8.120	12749.980	0.578	885.083	-170.778	19.000
8.140	12767.200	2.191	861.083	325.518	21.000
8.160	12784.200	13.236	802.417	763.937	20.000
8.180	12799.040	31.767	695.250	1041.784	20.000
8.200	12812.120	53.843	614.250	1147.269	20.000
8.220	12823.700	77.014	546.083	1164.068	20.000
8.240	12834.060	99.865	490.417	1094.526	21.000
8.260	12843.500	120.572	468.833	994.304	21.000
8.280	12852.820	139.620	441.333	898.835	19.000
8.300	12861.260	156.416	431.167	782.955	20.000
8.320	12870.220	170.900	448.583	672.336	20.000
8.340	12879.220	182.904	458.083	484.188	19.000
8.360	12888.840	190.161	529.167	283.045	21.000
8.380	12900.280	194.299	574.750	102.505	19.000
8.400	12911.700	194.132	592.583	-111.126	20.000
8.420	12924.160	190.070	656.167	-281.397	21.000
8.440	12937.660	182.995	656.583	-438.736	19.000
8.460	12950.480	172.741	679.000	-559.435	21.000
8.480	12964.680	160.798	671.833	-648.817	19.000
8.500	12977.360	146.755	659.750	-751.449	20.000
8.520	12991.460	130.826	732.833	-839.564	21.000
8.540	13006.380	113.314	739.500	-901.751	20.000
8.560	13020.960	94.769	740.167	-966.031	21.000
8.580	13035.880	74.716	716.667	-1030.881	18.000
8.600	13049.820	53.888	724.417	-1039.883	20.000
8.620	13065.260	33.684	810.833	-965.080	20.000
8.640	13082.140	16.081	869.167	-769.072	20.000
8.660	13099.840	3.880	891.917	-420.162	20.000
8.680	13117.860	0.030	951.500	54.771	22.000
8.700	13136.960	6.116	825.500	539.149	18.000
8.720	13150.740	20.828	680.250	894.081	20.000
8.740	13164.760	40.865	663.167	1085.715	20.000
8.760	13177.000	63.443	574.833	1156.587	20.000
8.780	13187.880	86.462	514.333	1123.243	20.000
8.800	13197.740	108.020	484.750	1038.361	21.000
8.820	13207.240	127.905	442.083	944.731	20.000