0.000	4980.700	199.965	863.083	478.639	20.000
0.020	4998.980	203.420	936.333	-91.303	20.000
0.040	5017.720	197.150	919.250	-519.492	20.000
0.060	5035.820	183.570	924.333	-800.531	20.000
0.080	5054.800	165.848	951.833	-964.742	20.000
0.100	5073.780	145.135	953.083	-1118.490	20.000
0.120	5092.960	121.207	963.417	-1262.042	20.000
0.140	5112.360	94.880	979.333	-1372.805	21.000
0.160	5132.220	66.698	1007.333	-1431.185	19.000
0.180	5152.820	38.531	1071.833	-1363.008	21.000
0.200	5174.880	13.899	1086.000	-1027.988	18.000
0.220	5196.400	-0.384	1139.333	-324.091	21.000
0.240	5220.220	2.095	1164.417	580.005	20.000
0.260	5242.100	21.881	1018.917	1319.090	20.000
0.280	5261.020	52.814	905.167	1720.355	21.000
0.300	5278.260	88.786	767.667	1832.984	18.000
0.320	5292.260	124.454	724.417	1666.906	21.000
0.340	5307.780	155.084	780.333	1497.030	20.000
0.360	5323.320	183.138	783.667	1133.286	20.000
0.380	5339.460	198.973	857.833	504.564	20.000
0.400	5357.620	203.580	929.000	-55.448	20.000
0.420	5376.300	197.518	941.417	-494.900	20.000
0.440	5395.080	184.802	922.667	-761.344	19.000
0.460	5413.200	167.528	897.500	-971.007	20.000
0.480	5431.380	146.383	955.083	-1111.493	21.000
0.500	5451.300	123.207	987.250	-1235.518	20.000
0.520	5470.660	96.991	974.583	-1369.006	20.000
0.540	5490.500	68.921	1010.833	-1429.253	21.000
0.560	5511.080	40.658	1031.583	-1375.271	19.000
0.580	5532.060	15.563	1112.167	-1066.908	20.000
0.600	5555.560	0.192	1205.917	-391.202	20.000
0.620	5579.420	1.248	1134.167	514.560	20.000
0.640	5600.540	20.025	1005.417	1287.834	20.000
0.660	5619.700	50.735	896.417	1727.152	20.000
0.680	5636.500	87.011	798.500	1832.517	20.000
0.700	5651.960	122.615	756.667	1727.552	20.000
0.720	5666.980	155.260	739.500	1515.757	20.000
0.740	5681.940	182.115	791.500	1123.889	20.000
0.760	5698.860	199.229	883.083	574.407	20.000
0.780	5717.040	204.635	929.250	-67.844	20.000
0.800	5735.840	197.566	948.667	-519.292	20.000
0.820	5754.760	185.090	920.833	-761.077	19.000
0.840	5772.940	167.496	951.667	-971.340	22.000
0.860	5792.840	146.735	991.500	-1086.435	19.000
0.880	5812.080	123.846	908.333	-1257.777	19.000
0.900	5829.920	96.640	993.167	-1397.330	22.000
0.920	5851.580	68.601	1017.333	-1430.652	18.000
0.940	5870.480	40.131	998.333	-1379.869	20.000
0.960	5892.400	15.131	1175.333	-1056.245	21.000
0.980	5916.880	0.048	1226.500	-375.074	21.000
1.000	5940.700	1.440	1156.833	534.554	20.000
1.020	5962.520	20.617	973.583	1302.429	19.000
1.040	5979.880	51.391	837.917	1710.825	19.000
1.060	5996.660	87.075	825.667	1809.925	21.000
1.080	6012.720	122.503	752.833	1723.154	20.000
1.100	6027.080	155.132	730.250	1526.220	20.000
1.120	6042.560	182.291	831.583	1127.954	21.000
1.140	6060.120	199.085	875.833	525.090	19.000
1.160	6077.460	203.420	904.083	-41.519	21.000
1.180	6096.080	198.141	886.667	-496.300	18.000
1.200	6113.260	184.706	944.583	-756.479	22.000
1.220	6133.720	168.487	975.167	-924.356	20.000
1.240	6151.880	147.742	921.500	-1114.892	20.000
1.260	6171.000	124.278	963.750	-1229.920	20.000
1.280	6190.340	98.607	975.417	-1350.946	20.000
1.300	6210.100	70.584	1006.417	-1425.321	20.000
1.320	6230.580	42.418	1024.417	-1383.468	20.000
1.340	6251.380	16.842	1103.250	-1098.964	20.000
1.360	6274.720	0.704	1197.500	-439.386	20.000
1.380	6298.440	0.624	1130.083	450.049	19.000
1.400	6319.660	18.122	1036.917	1240.116	21.000
1.420	6339.680	48.176	901.000	1684.700	20.000
1.440	6355.780	83.492	772.750	1809.325	20.000
1.460	6371.160	119.256	754.000	1752.411	20.000
1.480	6386.040	152.525	734.167	1542.281	19.000
1.500	6400.800	179.860	750.917	1170.606	20.000
1.520	6416.700	198.173	900.500	596.000	21.000
1.540	6436.220	203.500	922.250	-16.128	19.000
1.560	6453.280	198.605	886.333	-427.456	20.000
1.580	6472.100	187.185	950.583	-722.824	20.000
1.600	6491.020	170.247	950.833	-935.885	20.000
1.620	6510.000	150.110	927.500	-1094.965	20.000
1.640	6528.280	126.613	931.500	-1236.251	20.000
1.660	6547.580	100.910	1003.833	-1334.618	21.000
1.680	6568.100	73.351	998.083	-1437.117	19.000
1.700	6587.640	44.321	1021.083	-1404.261	20.000
1.720	6609.220	18.810	1093.667	-1117.891	19.000
1.740	6631.480	1.599	1191.167	-512.694	22.000
1.760	6656.340	-0.128	1211.083	364.744	20.000
1.780	6678.720	15.867	998.333	1188.600	18.000
1.800	6696.480	45.409	836.000	1680.035	19.000
1.820	6713.000	80.629	842.250	1752.611	22.000
1.840	6729.940	114.761	776.000	1760.875	20.000
1.860	6744.260	150.062	745.917	1629.719	21.000
1.880	6760.320	178.260	820.417	1211.859	20.000
1.900	6777.020	197.486	873.417	631.121	20.000
1.920	6795.120	203.308	905.750	11.063	20.000
1.940	6813.040	198.973	895.083	-416.393	19.000
1.960	6831.100	187.505	925.583	-714.960	20.000
1.980	6850.040	170.998	950.250	-917.358	20.000
2.000	6868.980	151.101	948.583	-1080.437	21.000
2.020	6888.020	127.909	959.667	-1231.586	20.000
2.040	6907.280	102.094	947.250	-1344.548	19.000
2.060	6926.120	74.519	972.500	-1397.663	20.000
2.080	6946.440	46.672	1043.333	-1401.995	20.000
2.100	6967.900	19.977	1119.667	-1168.274	21.000
2.120	6991.120	2.239	1186.167	-550.282	19.000
2.140	7014.840	-0.560	1171.667	309.229	21.000
2.160	7037.280	14.443	1029.500	1148.614	19.000
2.180	7055.980	43.393	888.083	1646.246	20.000
2.200	7073.160	78.198	818.000	1810.325	21.000
2.220	7088.740	114.378	736.417	1767.606	19.000
2.240	7103.040	147.838	725.000	1571.472	20.000
2.260	7118.280	176.293	818.583	1247.247	21.000
2.280	7135.480	196.366	830.250	681.171	19.000
2.300	7151.800	203.260	920.250	70.643	21.000
2.320	7171.940	200.093	944.750	-372.808	19.000
2.340	7189.100	189.152	860.667	-695.233	19.000
2.360	7207.140	172.982	949.917	-906.895	21.000
2.380	7226.840	153.228	974.500	-1071.973	21.000
2.400	7245.880	130.356	956.667	-1196.598	20.000
2.420	7265.140	105.421	946.333	-1322.355	19.000
2.440	7283.940	77.702	971.000	-1419.656	20.000
2.460	7304.200	49.359	1032.500	-1413.725	20.000
2.480	7325.320	22.584	1109.250	-1191.266	20.000
2.500	7348.380	3.775	1153.417	-633.320	20.000
2.520	7371.160	-1.072	1154.833	205.398	20.000
2.540	7394.100	12.108	1079.500	1072.906	20.000
2.560	7413.920	39.955	928.833	1614.057	20.000
2.580	7431.380	74.487	804.583	1802.794	20.000
2.600	7446.480	110.587	742.000	1776.336	20.000
2.620	7461.480	144.495	745.917	1603.394	20.000
2.640	7476.640	173.702	808.000	1284.301	21.000
2.660	7493.640	194.591	828.250	746.082	18.000
2.680	7509.840	203.116	862.083	135.354	20.000
2.700	7528.300	200.748	938.417	-339.219	20.000
2.720	7547.020	190.480	936.417	-662.177	21.000
2.740	7565.860	174.917	970.667	-887.102	21.000
2.760	7585.580	155.388	951.833	-1055.778	19.000
2.780	7603.820	132.915	906.417	-1191.466	19.000
2.800	7622.260	107.852	946.500	-1315.091	21.000
2.820	7641.760	80.581	989.083	-1400.662	20.000
2.840	7661.940	52.334	1055.833	-1425.921	21.000
2.860	7683.880	24.936	1100.750	-1238.650	19.000
2.880	7705.820	4.910	1112.417	-706.229	19.000
2.900	7728.620	-1.535	1201.000	122.292	22.000
2.920	7752.880	10.061	1100.083	1002.130	19.000
2.940	7772.120	36.788	906.583	1577.869	20.000
2.960	7789.800	70.984	859.750	1798.062	21.000
2.980	7806.400	107.164	766.833	1790.198	20.000
3.000	7820.780	141.536	724.083	1636.050	19.000
3.020	7835.920	171.558	785.417	1332.552	21.000
3.040	7852.180	193.487	827.500	798.132	19.000
3.060	7869.100	202.956	890.917	174.208	20.000
3.080	7887.620	201.164	912.583	-319.693	19.000
3.100	7905.620	191.168	946.667	-650.315	22.000
3.120	7925.320	175.909	950.667	-861.510	19.000
3.140	7943.500	156.987	918.833	-1040.850	20.000
3.160	7962.500	134.483	988.333	-1190.466	21.000
3.180	7982.540	109.563	943.583	-1312.159	18.000
3.200	8000.440	82.228	938.083	-1406.727	20.000
3.220	8020.560	53.870	1028.583	-1423.388	21.000
3.240	8041.520	26.551	1093.167	-1254.511	20.000
3.260	8064.320	5.758	1171.750	-750.081	20.000
3.280	8088.160	-1.583	1225.500	67.511	21.000
3.300	8112.460	8.813	1129.833	948.814	20.000
3.320	8132.520	34.788	863.917	1561.142	18.000
3.340	8148.040	69.017	817.000	1806.126	22.000
3.360	8165.460	105.373	801.333	1803.060	19.000
3.380	8179.900	140.017	723.417	1640.315	21.000
3.400	8195.080	170.055	784.000	1352.145	20.000
3.420	8211.380	192.799	852.583	850.247	20.000
3.440	8229.140	203.116	914.417	164.811	20.000
3.460	8247.760	200.445	944.917	-312.495	20.000
3.480	8266.660	191.664	922.250	-620.125	20.000
3.500	8284.760	176.181	924.917	-854.912	20.000
3.520	8303.800	157.835	956.583	-1031.920	20.000
3.540	8322.900	134.995	958.750	-1208.260	20.000
3.560	8342.200	109.835	972.167	-1330.153	20.000
3.580	8361.860	82.164	1004.583	-1394.531	20.000
3.600	8382.160	54.430	978.083	-1423.521	19.000
3.620	8401.480	26.439	1048.250	-1276.171	20.000
3.640	8424.420	5.678	1189.333	-744.416	20.000
3.660	8448.360	-1.567	1201.083	74.442	21.000
3.680	8471.760	9.037	1100.250	965.942	20.000
3.700	8491.940	35.444	921.667	1580.802	18.000
3.720	8509.000	69.944	819.167	1812.391	21.000
3.740	8525.080	106.300	777.500	1800.395	20.000
3.760	8540.280	140.913	757.083	1646.180	21.000
3.780	8555.580	171.094	763.833	1339.616	19.000
3.800	8571.300	193.215	860.167	821.657	21.000
3.820	8589.920	203.212	949.000	165.411	20.000
3.840	8608.560	200.653	892.667	-336.087	19.000
3.860	8625.900	190.896	902.750	-646.049	19.000
3.880	8644.900	175.349	958.583	-888.501	21.000
3.900	8663.980	155.836	958.833	-1052.913	20.000
3.920	8683.140	133.411	934.917	-1200.130	19.000
3.940	8701.700	108.092	980.417	-1300.096	21.000
3.960	8722.280	81.429	1004.000	-1416.857	20.000
3.980	8741.800	51.999	1005.250	-1459.309	20.000
4.000	8762.980	24.712	1109.167	-1235.185	20.000
4.020	8786.040	4.590	1186.250	-698.099	20.000
4.040	8810.000	-1.392	1200.750	148.017	20.000
4.060	8833.260	10.716	1067.417	1035.185	20.000
4.080	8852.560	38.195	917.667	1608.592	20.000
4.100	8870.340	72.840	843.167	1822.720	20.000
4.120	8886.400	109.531	776.750	1806.326	20.000
4.140	8901.620	143.952	735.833	1625.853	19.000
4.160	8916.380	173.574	796.917	1312.225	22.000
4.180	8933.580	194.974	864.917	738.018	19.000
4.200	8950.820	202.780	898.833	117.894	20.000
4.220	8969.560	200.477	951.083	-360.079	20.000
4.240	8988.500	189.296	927.333	-694.300	20.000
4.260	9006.760	173.526	930.583	-891.434	20.000
4.280	9025.860	153.804	961.167	-1085.168	20.000
4.300	9045.100	130.484	966.167	-1213.525	20.000
4.320	9064.540	105.405	978.583	-1327.287	20.000
4.340	9084.320	77.574	1002.917	-1426.187	20.000
4.360	9104.760	49.071	1045.333	-1422.722	21.000
4.380	9126.160	22.105	1087.333	-1205.261	18.000
4.400	9148.380	3.103	1161.167	-616.992	21.000
4.420	9172.320	-0.912	1194.917	249.583	20.000
4.440	9195.360	13.020	1078.500	1108.627	21.000
4.460	9215.220	41.538	928.167	1646.713	20.000
4.480	9232.740	76.630	830.667	1814.523	19.000
4.500	9248.600	112.762	746.333	1794.397	20.000
4.520	9263.040	147.326	736.417	1623.321	20.000
4.540	9278.500	176.453	802.333	1263.442	20.000
4.560	9295.200	196.558	872.750	676.639	20.000
4.580	9313.320	203.388	932.000	78.640	21.000
4.600	9332.140	200.413	924.750	-396.267	18.000
4.620	9350.340	188.417	929.167	-734.886	21.000
4.640	9369.420	171.894	958.750	-926.155	20.000
4.660	9388.560	151.613	958.917	-1098.830	20.000
4.680	9407.800	128.261	965.833	-1213.059	21.000
4.700	9427.240	103.069	983.167	-1346.680	20.000
4.720	9447.060	74.679	979.167	-1444.248	19.000
4.740	9466.680	46.160	1027.667	-1414.124	20.000
4.760	9488.320	19.609	1101.750	-1162.742	19.000
4.780	9510.680	1.903	1166.250	-536.020	21.000
4.800	9534.640	-0.320	1185.917	343.618	20.000
4.820	9557.340	15.371	1063.250	1180.403	20.000
4.840	9576.980	44.881	915.667	1674.304	20.000
4.860	9594.220	80.213	821.250	1822.920	20.000
4.880	9609.920	116.585	725.167	1818.455	19.000
4.900	9623.760	151.501	720.333	1581.335	20.000
4.920	9639.260	178.756	808.583	1190.266	21.000
4.940	9656.060	198.061	877.750	625.390	20.000
4.960	9674.260	203.404	934.500	-19.527	19.000
4.980	9693.100	198.589	925.083	-407.196	20.000
5.000	9711.300	187.665	928.667	-733.020	20.000
5.020	9730.360	169.879	957.167	-964.076	21.000
5.040	9749.460	149.646	956.750	-1103.296	20.000
5.060	9768.660	125.814	964.083	-1248.314	20.000
5.080	9788.080	99.934	980.250	-1358.476	20.000
5.100	9807.940	71.784	1005.333	-1432.385	20.000
5.120	9828.440	43.441	1049.667	-1392.465	20.000
5.140	9850.260	17.642	1173.083	-1117.291	21.000
5.160	9874.720	0.992	1168.833	-469.309	19.000
5.180	9896.640	0.336	1107.417	429.056	20.000
5.200	9918.960	17.626	1055.583	1238.717	20.000
5.220	9938.400	47.744	908.917	1680.102	20.000
5.240	9955.460	82.964	794.667	1836.782	19.000
5.260	9970.500	119.816	723.333	1789.665	20.000
5.280	9985.040	153.372	768.750	1572.804	21.000
5.300	10001.440	181.491	838.167	1168.207	20.000
5.320	10018.480	198.893	892.583	552.414	20.000
5.340	10036.860	203.612	887.667	-53.449	18.000
5.360	10054.180	197.757	923.917	-486.703	22.000
5.380	10074.000	185.234	1008.750	-733.353	21.000
5.400	10093.860	168.679	951.167	-963.543	19.000
5.420	10112.200	146.991	937.083	-1152.346	20.000
5.440	10131.500	123.063	949.167	-1254.178	20.000
5.460	10150.220	96.863	959.000	-1368.806	20.000
5.480	10170.220	68.665	1046.583	-1434.584	21.000
5.500	10191.800	40.322	1065.333	-1383.868	19.000
5.520	10212.960	15.035	1117.250	-1066.108	20.000
5.540	10236.460	-0.048	1173.083	-368.343	19.000
5.560	10259.360	1.567	1134.750	545.483	21.000
5.580	10281.460	20.985	1040.417	1325.221	20.000
5.600	10300.620	52.382	874.583	1734.483	20.000
5.620	10316.840	88.418	786.500	1843.780	20.000
5.640	10332.500	124.758	767.333	1752.944	20.000
5.660	10347.740	157.483	771.750	1513.091	19.000
5.680	10363.660	184.194	830.000	1115.625	21.000
5.700	10380.900	200.764	873.333	472.908	19.000
5.720	10398.580	203.260	913.167	-136.821	20.000
5.740	10417.500	196.510	976.083	-526.690	22.000
5.760	10437.300	182.994	982.667	-800.198	20.000
5.780	10456.400	165.048	905.750	-992.933	17.000
5.800	10473.940	143.616	913.500	-1135.018	22.000
5.820	10493.240	119.784	976.333	-1257.977	20.000
5.840	10512.780	93.281	983.667	-1404.461	20.000
5.860	10532.800	64.282	1041.917	-1439.649	21.000
5.880	10554.340	36.676	1068.167	-1335.151	18.000
5.900	10575.660	12.460	1126.417	-996.532	21.000
5.920	10599.300	-0.864	1176.167	-259.646	20.000
5.940	10622.140	3.135	1120.750	658.912	20.000
5.960	10643.900	24.392	1046.917	1384.534	20.000
5.980	10663.480	56.365	856.083	1753.344	19.000
6.000	10678.760	92.689	790.583	1841.114	22.000
6.020	10695.560	128.709	809.583	1743.080	20.000
6.040	10710.800	161.274	730.750	1481.235	19.000
6.060	10725.500	186.705	792.000	1020.990	20.000
6.080	10742.900	201.164	932.333	396.133	21.000
6.100	10762.280	202.796	967.417	-184.671	20.000
6.120	10781.280	194.926	956.667	-562.344	21.000