0.000	3609.220	158.603	692.333	-782.070	19.000
0.020	3622.940	142.144	718.667	-843.183	21.000
0.040	3637.980	124.678	752.083	-948.948	21.000
0.060	3652.760	104.205	727.500	-1054.912	19.000
0.080	3667.280	82.836	744.833	-1095.098	20.000
0.100	3682.740	60.588	794.417	-1122.023	20.000
0.120	3699.060	38.563	846.417	-1051.913	21.000
0.140	3716.340	19.306	842.833	-864.376	18.000
0.160	3732.940	5.038	874.167	-511.495	20.000
0.180	3751.500	-0.160	959.083	9.997	21.000
0.200	3770.540	5.598	896.750	557.346	20.000
0.220	3786.960	21.385	771.833	982.670	21.000
0.240	3801.400	43.633	647.583	1195.131	17.000
0.260	3813.140	68.281	570.250	1274.505	22.000
0.280	3824.560	93.936	559.667	1253.578	20.000
0.300	3835.380	117.928	509.667	1155.411	21.000
0.320	3845.000	139.953	472.167	1029.054	19.000
0.340	3854.340	159.114	440.500	916.359	19.000
0.360	3862.920	176.453	462.333	783.137	21.000
0.380	3873.020	190.000	516.333	568.142	20.000
0.400	3883.480	199.085	546.750	345.284	20.000
0.420	3894.900	203.819	581.083	127.690	20.000
0.440	3906.740	204.139	618.000	-105.498	20.000
0.460	3919.640	199.789	661.583	-303.964	20.000
0.480	3933.080	192.159	681.500	-476.906	20.000
0.500	3946.840	180.931	693.167	-618.192	21.000
0.520	3960.780	167.736	701.000	-702.897	20.000
0.540	3974.880	152.765	711.750	-807.195	20.000
0.560	3989.160	135.522	701.333	-897.432	19.000
0.580	4003.060	116.953	715.583	-972.673	20.000
0.600	4017.900	96.624	752.167	-1053.846	21.000
0.620	4033.060	75.015	768.250	-1100.497	20.000
0.640	4048.640	52.942	784.167	-1100.830	19.000
0.660	4064.600	31.621	832.667	-1005.262	20.000
0.680	4082.020	13.675	894.000	-764.210	20.000
0.700	4100.260	2.143	948.250	-346.617	21.000
0.720	4119.360	0.528	893.750	190.936	19.000
0.740	4135.740	9.629	794.500	704.496	20.000
0.760	4151.360	27.735	755.667	1055.912	21.000
0.780	4165.580	50.719	628.833	1227.854	18.000
0.800	4176.720	75.830	544.333	1231.852	20.000
0.820	4187.700	99.710	525.750	1214.125	21.000
0.840	4197.680	124.022	481.083	1138.417	20.000
0.860	4207.080	144.863	464.333	994.399	20.000
0.880	4216.300	163.833	449.500	873.240	20.000
0.900	4225.220	179.540	460.917	700.631	20.000
0.920	4234.920	191.855	504.000	543.817	20.000
0.940	4245.420	200.892	550.333	308.496	20.000
0.960	4256.940	204.139	601.250	68.444	20.000
0.980	4269.300	203.771	617.000	-144.152	20.000
1.000	4281.660	198.461	643.833	-350.349	20.000
1.020	4295.100	190.064	682.667	-503.097	20.000
1.040	4308.820	178.564	688.500	-621.991	20.000
1.060	4322.740	165.336	720.583	-714.160	21.000
1.080	4337.540	149.918	734.667	-829.854	20.000
1.100	4351.920	132.292	704.250	-916.292	19.000
1.120	4365.940	113.370	722.333	-985.535	21.000
1.140	4380.920	92.865	757.917	-1063.642	20.000
1.160	4396.180	71.032	771.917	-1105.695	20.000
1.180	4411.940	48.864	818.500	-1135.085	20.000
1.200	4428.840	26.727	847.333	-975.405	20.000
1.220	4445.760	10.844	860.250	-661.111	19.000
1.240	4463.380	0.976	907.500	-251.849	20.000
1.260	4481.800	1.519	915.000	297.700	20.000
1.280	4499.360	12.572	806.333	792.534	19.000
1.300	4514.000	32.165	696.417	1114.225	21.000
1.320	4527.460	55.933	635.333	1240.050	20.000
1.340	4539.460	80.997	580.417	1254.511	21.000
1.360	4550.560	105.612	495.750	1195.865	19.000
1.380	4559.500	128.517	445.917	1089.833	20.000
1.400	4568.800	149.086	474.333	970.007	20.000
1.420	4578.360	167.224	468.833	840.117	21.000
1.440	4587.600	182.467	470.333	671.108	20.000
1.460	4597.380	193.935	512.167	485.703	20.000
1.480	4608.080	201.708	546.250	269.443	20.000
1.500	4619.280	204.587	590.083	29.790	20.000
1.520	4631.700	203.020	641.417	-188.070	20.000
1.540	4644.720	197.278	648.083	-373.608	19.000
1.560	4657.660	188.369	666.167	-508.096	20.000
1.580	4671.420	177.044	693.833	-633.187	20.000
1.600	4685.420	163.097	729.417	-753.013	22.000
1.620	4700.280	147.071	699.167	-848.181	18.000
1.640	4713.480	129.301	686.917	-920.757	20.000
1.660	4728.100	110.235	748.500	-998.198	21.000
1.680	4743.120	89.394	738.083	-1077.104	19.000
1.700	4757.760	67.385	756.417	-1122.689	20.000
1.720	4773.620	45.009	821.500	-1089.100	20.000
1.740	4790.560	24.600	870.083	-937.551	20.000
1.760	4808.360	8.493	915.000	-634.853	21.000
1.780	4826.860	0.272	902.917	-153.082	18.000
1.800	4844.420	2.751	895.750	390.535	22.000
1.820	4862.340	15.403	831.000	852.847	20.000
1.840	4877.220	35.812	677.917	1144.615	19.000
1.860	4889.820	60.076	606.000	1260.176	21.000
1.880	4901.560	85.427	542.750	1258.710	19.000
1.900	4911.620	109.883	490.000	1168.141	20.000
1.920	4921.360	132.180	474.250	1108.627	20.000
1.940	4930.620	153.740	454.917	954.946	20.000
1.960	4939.740	170.215	471.500	775.872	21.000
1.980	4949.480	184.978	480.667	653.047	20.000
2.000	4959.080	195.870	509.917	433.721	20.000
2.020	4969.980	202.252	559.583	209.463	19.000
2.040	4981.360	204.315	583.750	0.267	20.000
2.060	4993.420	202.268	626.833	-213.661	19.000
2.080	5006.500	195.934	686.583	-400.399	21.000
2.100	5020.660	186.481	706.167	-551.081	21.000
2.120	5034.500	174.117	679.667	-665.443	19.000
2.140	5047.940	159.994	673.167	-758.945	20.000
2.160	5061.620	143.744	702.917	-861.510	20.000
2.180	5076.060	125.638	730.083	-943.616	20.000
2.200	5090.760	106.028	744.417	-1025.189	20.000
2.220	5105.840	84.740	762.083	-1090.300	20.000
2.240	5121.200	62.603	765.250	-1139.150	20.000
2.260	5136.680	39.907	812.417	-1066.775	20.000
2.280	5153.820	20.761	883.250	-867.975	20.000
2.300	5171.820	6.030	914.500	-547.882	20.000
2.320	5190.340	-0.096	953.917	-43.452	21.000
2.340	5209.360	4.542	878.833	501.298	19.000
2.360	5225.200	19.290	756.583	935.819	20.000
2.380	5239.780	40.802	669.833	1177.537	19.000
2.400	5252.120	65.386	605.000	1265.641	21.000
2.420	5263.960	90.705	528.500	1246.181	19.000
2.440	5273.440	114.761	481.917	1153.612	21.000
2.460	5283.500	136.722	487.667	1049.181	21.000
2.480	5292.780	156.651	447.500	939.217	19.000
2.500	5301.640	174.021	454.583	782.204	20.000
2.520	5311.160	187.745	494.083	596.799	20.000
2.540	5321.440	197.742	535.167	385.937	21.000
2.560	5332.600	203.180	585.333	181.806	20.000
2.580	5344.720	204.875	605.333	-49.783	19.000
2.600	5356.920	201.180	650.917	-290.302	21.000
2.620	5370.720	193.695	694.833	-450.249	20.000
2.640	5384.380	183.410	671.500	-576.206	19.000
2.660	5397.640	170.775	663.417	-683.503	20.000
2.680	5411.120	156.107	694.583	-787.668	20.000
2.700	5425.420	139.313	719.500	-887.035	20.000
2.720	5439.920	120.759	753.417	-961.877	21.000
2.740	5455.360	100.878	747.000	-1034.652	19.000
2.760	5469.820	79.477	741.333	-1095.165	21.000
2.780	5485.340	57.373	804.583	-1113.292	20.000
2.800	5501.840	35.556	824.417	-1039.984	19.000
2.820	5518.420	16.698	868.083	-823.390	20.000
2.840	5536.600	3.679	921.667	-439.719	20.000
2.860	5555.080	-0.032	951.917	87.904	21.000
2.880	5573.920	7.246	839.417	627.789	19.000
2.900	5588.520	24.136	708.000	1006.528	20.000
2.920	5602.660	46.352	667.500	1199.597	20.000
2.940	5615.080	71.256	585.500	1265.908	21.000
2.960	5626.200	96.304	528.333	1227.587	20.000
2.980	5636.320	119.928	489.500	1121.623	20.000
3.000	5645.780	141.105	440.250	1015.592	18.000
3.020	5654.240	160.474	448.750	899.231	21.000
3.040	5663.900	176.932	485.500	765.609	21.000
3.060	5673.580	190.736	498.083	569.409	19.000
3.080	5683.980	199.453	545.250	329.356	20.000
3.100	5695.340	203.979	578.000	109.230	19.000
3.120	5707.120	203.835	618.000	-113.295	21.000
3.140	5719.980	199.581	639.667	-316.494	20.000
3.160	5732.780	191.456	681.750	-471.908	21.000
3.180	5747.100	180.899	694.833	-596.799	19.000
3.200	5760.460	167.640	684.167	-719.158	20.000
3.220	5774.660	152.285	717.583	-813.793	20.000
3.240	5789.060	135.139	724.917	-904.229	20.000
3.260	5803.680	116.201	739.250	-980.004	20.000
3.280	5818.640	95.984	757.333	-1051.713	20.000
3.300	5833.880	74.247	753.333	-1112.359	20.000
3.320	5848.900	51.919	770.000	-1106.628	19.000
3.340	5864.960	30.646	840.333	-1002.929	20.000
3.360	5882.480	12.764	905.750	-751.681	20.000
3.380	5900.840	1.711	904.417	-314.094	20.000
3.400	5918.560	0.848	899.833	230.256	20.000
3.420	5936.540	10.700	847.833	739.751	21.000
3.440	5952.120	29.414	728.917	1077.638	20.000
3.460	5965.840	52.702	644.917	1241.583	20.000
3.480	5978.020	78.230	575.750	1281.169	20.000
3.500	5988.960	103.245	518.833	1207.394	20.000
3.520	5998.900	126.278	483.167	1105.228	20.000
3.540	6008.360	147.310	455.083	980.004	20.000
3.560	6017.260	165.496	450.500	868.375	20.000
3.580	6026.620	181.795	489.750	716.559	21.000
3.600	6036.860	193.743	526.583	488.969	20.000
3.620	6047.620	201.308	549.833	263.778	20.000
3.640	6058.880	204.251	577.333	25.325	19.000
3.660	6070.820	202.556	624.000	-167.410	20.000
3.680	6083.900	197.646	685.917	-349.482	21.000
3.700	6098.020	188.641	707.417	-529.689	20.000
3.720	6111.860	176.805	660.333	-644.250	18.000
3.740	6124.720	162.953	674.500	-753.347	21.000
3.760	6139.020	146.767	719.750	-848.848	20.000
3.780	6153.420	129.141	743.917	-917.225	21.000
3.800	6168.720	110.027	761.500	-999.730	20.000
3.820	6183.780	89.170	762.667	-1085.168	20.000
3.840	6199.140	66.937	740.083	-1119.424	19.000
3.860	6213.740	44.865	784.333	-1085.435	20.000
3.880	6230.780	24.248	880.333	-945.549	20.000
3.900	6248.660	8.157	912.167	-626.656	20.000
3.920	6267.220	0.208	953.500	-139.553	21.000
3.940	6286.340	2.943	918.167	408.263	20.000
3.960	6303.380	16.027	781.167	872.507	20.000
3.980	6317.580	36.724	646.250	1153.279	18.000
4.000	6329.660	61.051	594.000	1259.576	20.000
4.020	6341.480	86.355	561.167	1251.579	21.000
4.040	6352.020	110.779	502.417	1207.860	20.000
4.060	6361.780	134.163	488.500	1073.839	21.000
4.080	6371.480	153.628	445.750	929.621	18.000
4.100	6379.920	171.430	461.917	813.193	22.000
4.120	6390.160	185.810	518.833	623.124	20.000
4.140	6400.360	196.446	500.000	476.440	19.000
4.160	6410.480	204.203	549.667	192.735	20.000
4.180	6422.480	204.235	623.833	-71.576	20.000
4.200	6435.200	201.868	651.417	-230.189	20.000
4.220	6448.400	194.942	656.167	-430.322	19.000
4.240	6461.500	185.106	676.333	-535.153	20.000
4.260	6475.400	173.414	679.250	-678.705	20.000
4.280	6488.880	158.075	728.000	-802.930	22.000
4.300	6504.420	141.584	758.917	-871.640	20.000
4.320	6518.940	123.175	732.583	-954.546	20.000
4.340	6533.740	103.405	711.500	-1040.050	19.000
4.360	6547.620	81.733	726.417	-1102.163	20.000
4.380	6563.100	59.660	799.250	-1112.759	20.000
4.400	6579.480	37.731	845.833	-1051.913	20.000
4.420	6596.800	18.458	867.750	-856.179	20.000
4.440	6614.220	4.574	897.333	-487.369	20.000
4.460	6632.760	-0.112	961.083	37.521	21.000
4.480	6651.800	6.142	854.500	569.409	18.000
4.500	6666.780	21.993	727.667	995.865	21.000
4.520	6681.300	44.753	685.667	1219.523	20.000
4.540	6694.120	69.769	615.750	1290.299	21.000
4.560	6705.960	95.664	552.583	1257.510	20.000
4.580	6716.280	119.608	496.333	1151.946	20.000
4.600	6725.960	141.664	463.333	1046.715	20.000
4.620	6735.000	161.306	459.583	916.159	20.000
4.640	6744.520	178.036	485.417	736.885	20.000
4.660	6754.460	190.704	512.917	553.680	20.000
4.680	6765.140	199.997	559.583	339.552	20.000
4.700	6776.860	204.107	609.167	92.102	20.000
4.720	6789.420	203.771	644.833	-138.420	20.000
4.740	6802.500	198.797	655.417	-330.422	19.000
4.760	6815.500	190.736	636.750	-496.433	19.000
4.780	6828.200	179.124	665.000	-635.453	20.000
4.800	6842.200	165.528	707.000	-737.952	20.000
4.820	6856.500	149.646	755.833	-842.183	22.000
4.840	6872.220	132.020	771.250	-910.560	21.000
4.860	6886.960	113.178	706.167	-992.333	18.000
4.880	6900.780	92.321	705.083	-1080.503	19.000
4.900	6915.500	70.216	759.250	-1129.753	20.000
4.920	6931.320	47.648	843.167	-1100.297	21.000
4.940	6949.060	26.935	894.500	-960.544	21.000
4.960	6966.900	10.141	910.833	-684.570	20.000
4.980	6985.460	0.688	938.667	-218.726	20.000
5.000	7003.920	1.967	862.250	345.684	19.000
5.020	7019.940	14.043	797.083	834.586	21.000
5.040	7035.800	34.021	736.750	1084.369	20.000
5.060	7049.200	56.813	629.667	1261.842	20.000
5.080	7061.180	83.876	563.917	1368.073	20.000
5.100	7071.860	110.043	512.083	1191.133	20.000
5.120	7081.740	131.524	466.583	1042.783	19.000
5.140	7090.780	152.125	467.917	978.204	21.000
5.160	7100.560	170.263	487.417	832.387	20.000
5.180	7110.120	185.186	464.917	656.379	19.000
5.200	7119.480	196.238	504.083	431.788	20.000
5.220	7130.560	202.396	599.083	200.199	21.000
5.240	7143.100	204.315	622.750	-16.528	20.000
5.260	7155.300	201.756	615.417	-237.120	19.000
5.280	7167.940	195.086	657.750	-411.262	20.000
5.300	7181.580	185.474	691.833	-564.210	20.000
5.320	7195.480	172.758	702.667	-676.306	21.000
5.340	7209.580	158.539	693.000	-770.608	19.000
5.360	7223.300	141.920	705.833	-874.373	20.000
5.380	7237.820	123.718	711.500	-946.748	19.000
5.400	7252.000	104.045	772.917	-1026.322	22.000
5.420	7268.420	82.756	768.583	-1094.898	18.000
5.440	7282.600	60.540	721.250	-1122.422	20.000
5.460	7298.160	38.451	863.250	-1060.643	22.000
5.480	7316.820	18.986	932.333	-866.242	20.000
5.500	7335.000	4.878	917.833	-501.431	20.000
5.520	7353.560	-0.144	929.583	17.927	20.000
5.540	7371.800	5.758	873.417	566.876	20.000
5.560	7388.120	21.721	752.083	979.271	20.000
5.580	7401.860	43.745	626.083	1198.730	18.000
5.600	7413.540	68.729	571.583	1281.836	21.000
5.620	7424.900	94.128	544.833	1213.592	20.000
5.640	7435.260	117.145	496.000	1143.882	20.000
5.660	7444.860	139.809	471.167	1071.773	20.000
5.680	7454.180	159.642	452.083	931.887	19.000
5.700	7463.180	176.885	475.833	767.942	22.000
5.720	7473.320	190.096	515.667	557.546	20.000
5.740	7483.780	199.133	547.167	344.151	20.000
5.760	7495.220	203.819	581.667	123.758	19.000
5.780	7507.060	204.075	618.167	-99.233	21.000
5.800	7519.960	199.933	659.750	-310.962	20.000
5.820	7533.340	191.855	680.083	-489.235	20.000
5.840	7547.120	180.691	697.833	-612.128	20.000
5.860	7561.120	167.560	687.500	-704.563	19.000
5.880	7574.720	152.477	700.667	-809.594	21.000
5.900	7589.140	135.235	709.417	-904.296	19.000
5.920	7603.120	116.393	719.917	-984.069	20.000
5.940	7618.060	95.920	756.833	-1060.843	20.000
5.960	7633.300	74.135	765.500	-1113.559	20.000
5.980	7648.940	51.775	836.167	-1108.427	21.000
6.000	7666.440	30.486	837.167	-998.997	19.000
6.020	7682.500	12.748	853.917	-747.815	20.000
6.040	7700.860	1.679	933.417	-313.761	20.000
6.060	7719.360	0.800	921.583	214.994	20.000
6.080	7737.300	10.205	844.833	738.552	20.000
6.100	7752.840	29.350	709.750	1098.164	20.000
6.120	7765.940	52.830	627.667	1241.782	20.000
6.140	7778.140	78.246	578.167	1278.237	20.000
6.160	7789.060	103.341	519.083	1217.391	20.000
6.180	7799.040	126.661	484.250	1119.757	20.000
6.200	7808.560	147.982	469.667	1004.062	21.000
6.220	7817.920	166.632	467.583	858.245	19.000
6.240	7827.380	182.131	483.250	685.170	21.000
6.260	7837.380	193.871	524.417	486.037	20.000
6.280	7848.260	201.452	539.583	269.043	19.000
6.300	7859.100	204.555	582.000	39.587	20.000
6.320	7871.640	203.036	646.167	-194.535	20.000
6.340	7884.740	197.038	667.750	-382.405	20.000
6.360	7898.300	188.001	688.000	-528.889	20.000
6.380	7912.120	176.053	679.167	-651.714	20.000
6.400	7925.560	162.089	690.250	-747.215	20.000
6.420	7939.820	146.159	719.500	-851.580	20.000
6.440	7954.240	128.181	725.500	-923.756	20.000
6.460	7968.880	109.163	741.833	-1010.527	20.000
6.480	7983.920	87.826	757.333	-1091.300	21.000
6.500	7999.220	65.850	778.417	-1117.358	20.000
6.520	8015.200	43.585	826.250	-1081.170	20.000
6.540	8032.300	23.400	885.083	-922.090	20.000
6.560	8050.260	7.709	872.500	-607.129	18.000
6.580	8067.280	0.144	885.833	-121.359	20.000
6.600	8085.640	3.247	901.250	430.589	21.000
6.620	8102.740	16.826	801.750	893.300	20.000
6.640	8117.640	37.827	702.000	1166.274	20.000
6.660	8130.860	62.395	607.750	1269.107	20.000
6.680	8142.120	87.890	541.500	1272.106	20.000
6.700	8152.720	112.746	509.833	1193.865	20.000
6.720	8162.560	135.330	479.583	1066.241	20.000
6.740	8172.020	155.388	470.500	949.081	20.000
6.760	8181.420	173.126	459.750	804.063	20.000
6.780	8190.680	187.329	499.500	624.457	21.000
6.800	8201.500	197.885	557.500	412.661	20.000
6.820	8212.780	203.596	570.000	154.748	19.000
6.840	8224.420	204.219	611.083	-73.309	20.000
6.860	8237.240	200.860	655.667	-270.242	20.000
6.880	8250.520	193.599	675.750	-438.786	20.000
6.900	8264.220	183.490	689.750	-579.339	20.000
6.920	8278.080	170.567	701.250	-699.965	21.000
6.940	8292.180	155.644	695.833	-800.064	19.000
6.960	8305.900	138.817	679.333	-846.382	19.000
6.980	8319.780	121.511	758.250	-958.211	22.000
7.000	8335.840	100.638	750.833	-1036.451	19.000
7.020	8349.720	80.181	721.333	-1097.298	20.000
7.040	8365.220	56.925	805.833	-1149.813	20.000
7.060	8381.700	35.156	820.667	-1031.653	19.000
7.080	8398.280	16.394	891.000	-816.925	21.000
7.100	8417.240	3.535	953.417	-430.455	20.000
7.120	8435.700	0.016	869.333	96.901	19.000
7.140	8452.240	7.437	859.750	631.921	22.000
7.160	8469.640	24.360	759.667	1008.528	19.000
7.180	8482.420	46.624	615.917	1199.463	20.000
7.200	8494.820	71.464	588.500	1262.909	20.000
7.220	8505.860	96.400	524.917	1208.460	20.000
7.240	8515.920	119.464	483.000	1105.761	20.000
7.260	8525.240	140.593	445.750	1012.260	20.000
7.280	8533.940	159.626	441.000	847.315	20.000
7.300	8543.040	174.757	462.250	751.880	20.000
7.320	8552.480	189.424	489.250	608.929	20.000
7.340	8562.620	198.525	511.750	352.282	19.000
7.360	8573.160	203.628	579.500	130.090	22.000
7.380	8585.660	203.835	615.417	-76.308	19.000
7.400	8597.720	200.685	642.250	-264.511	20.000
7.420	8611.400	193.295	686.333	-456.780	21.000
7.440	8624.940	182.787	683.500	-577.073	20.000
7.460	8638.700	170.279	675.917	-698.032	20.000
7.480	8652.080	155.052	690.417	-785.669	20.000
7.500	8666.300	138.945	695.917	-856.579	19.000
7.520	8680.040	120.679	728.333	-954.812	21.000
7.540	8695.360	100.878	745.417	-1026.921	19.000
7.560	8709.760	79.669	737.250	-1098.564	20.000
7.580	8725.160	57.325	794.083	-1109.360	21.000
7.600	8741.500	35.908	842.000	-1027.321	19.000
7.620	8758.700	17.034	864.833	-827.588	20.000
7.640	8776.000	3.903	871.083	-449.649	19.000
7.660	8793.600	-0.096	900.167	70.376	21.000
7.680	8811.640	6.782	864.583	603.530	20.000
7.700	8827.780	23.176	756.917	991.400	20.000
7.720	8841.940	45.233	663.500	1182.136	20.000
7.740	8854.340	69.577	568.250	1241.916	20.000
7.760	8864.880	94.272	510.083	1205.528	20.000
7.780	8874.920	117.433	481.250	1115.092	20.000
7.800	8884.160	138.753	450.667	1013.059	20.000
7.820	8893.080	157.803	443.583	885.835	20.000
7.840	8902.000	174.101	449.667	745.083	20.000
7.860	8911.180	187.617	473.583	621.658	20.000
7.880	8921.040	198.445	514.667	398.199	21.000
7.900	8931.740	203.356	546.583	141.819	19.000
7.920	8942.960	204.443	588.333	-45.318	20.000
7.940	8955.360	201.564	655.917	-244.651	21.000
7.960	8968.800	194.990	640.583	-374.807	19.000
7.980	8981.040	186.449	640.833	-541.418	20.000
8.000	8994.660	173.478	689.750	-685.503	20.000
8.020	9008.440	159.402	694.917	-757.079	20.000
8.040	9022.460	143.136	705.500	-855.846	20.000
8.060	9036.660	125.414	715.333	-897.498	21.000
8.080	9051.100	106.972	730.083	-1000.664	20.000
8.100	9065.880	85.491	748.833	-1087.568	20.000
8.120	9081.000	63.915	753.917	-1097.831	20.000
8.140	9096.140	41.970	774.583	-1061.576	18.000
8.160	9112.240	22.281	845.750	-893.033	20.000
8.180	9129.900	7.198	900.333	-579.938	21.000
8.200	9148.100	0.064	940.000	-102.566	20.000
8.220	9166.940	3.423	880.000	429.789	20.000
8.240	9182.960	16.698	763.833	869.374	21.000
8.260	9197.580	37.124	671.583	1135.885	19.000
8.280	9209.900	61.019	588.167	1223.255	20.000
8.300	9221.280	85.379	536.667	1214.592	20.000
8.320	9231.400	109.163	484.167	1140.816	20.000
8.340	9240.780	130.772	455.000	1029.787	21.000
8.360	9249.700	150.365	440.083	931.353	20.000
8.380	9258.480	167.848	442.583	800.064	20.000
8.400	9267.380	182.243	432.000	653.380	19.000
8.420	9276.000	193.775	464.750	472.308	20.000
8.440	9286.180	200.972	536.500	261.645	20.000
8.460	9297.340	204.331	580.583	77.774	20.000
8.480	9309.340	203.899	616.500	-150.416	20.000
8.500	9321.940	198.525	640.917	-339.019	20.000
8.520	9335.020	190.624	683.500	-478.506	21.000
8.540	9348.960	179.492	656.583	-609.462	19.000
8.560	9361.460	166.472	671.167	-696.033	21.000
8.580	9375.880	151.581	698.167	-805.329	19.000
8.600	9389.300	134.387	705.417	-889.967	20.000
8.620	9404.120	116.089	724.250	-955.612	20.000
8.640	9418.080	96.128	693.667	-1035.918	20.000
8.660	9432.300	74.855	756.667	-1082.969	21.000
8.680	9448.260	53.134	792.667	-1085.368	19.000
8.700	9463.960	32.053	816.833	-996.265	20.000
8.720	9481.120	14.203	884.917	-764.676	20.000
8.740	9499.140	2.511	910.583	-364.477	20.000
8.760	9517.320	0.320	907.000	150.349	20.000
8.780	9535.020	8.461	839.500	657.646	21.000
8.800	9550.480	25.719	688.583	1014.526	18.000
8.820	9562.940	47.872	618.250	1180.336	21.000
8.840	9575.420	72.120	585.083	1227.321	20.000
8.860	9586.160	96.384	505.417	1189.133	21.000
8.880	9595.820	119.256	465.167	1080.770	20.000
8.900	9604.840	139.569	432.250	974.606	19.000
8.920	9613.220	158.219	414.167	870.307	20.000
8.940	9621.620	174.181	433.250	728.355	20.000
8.960	9630.660	187.281	468.250	583.204	20.000
8.980	9640.380	197.262	505.250	394.067	20.000
9.000	9650.920	202.892	549.667	180.206	20.000
9.020	9662.440	204.491	611.583	-26.991	21.000
9.040	9675.220	201.868	647.083	-228.390	20.000
9.060	9688.000	195.550	616.333	-397.999	19.000
9.080	9700.100	186.177	633.000	-530.955	20.000
9.100	9713.560	174.485	701.333	-635.120	21.000
9.120	9727.780	160.778	688.833	-744.150	19.000
9.140	9741.120	144.783	682.333	-844.716	21.000
9.160	9755.260	127.157	717.250	-913.359	20.000
9.180	9769.640	108.252	710.750	-986.935	19.000
9.200	9783.800	87.730	729.917	-1055.045	20.000
9.220	9798.860	66.234	744.167	-1100.163	20.000
9.240	9813.840	44.225	814.750	-1069.041	21.000
9.260	9831.360	24.248	865.333	-919.024	19.000
9.280	9848.260	8.413	877.583	-624.790	20.000
9.300	9866.540	0.304	923.250	-154.948	20.000
9.320	9884.660	2.623	866.333	382.005	20.000
9.340	9900.980	15.115	779.917	841.917	20.000
9.360	9915.860	35.220	697.917	1125.688	20.000