# Truss Input File
#
# Number of joints, bar, reactions, and external loads
9  21  6  0
#
# Magnet joints and their coordinates
001     0.000     0.000     0.000
002     8.000     0.000     0.000
003    16.000     0.000     0.000
004     0.000     6.000     0.000
005     8.000     6.000     0.000
006    16.000     6.000     0.000
007    25.500     3.000     0.000
008     8.000     3.000     9.500
009    16.000     3.000     9.500
#
# Rigid rods and their associated joints
001  001  002
002  002  003
003  004  005
004  005  006
005  006  007
006  005  008
007  006  009
008  001  004
009  002  005
010  003  006
011  008  009
012  007  009
013  009  005
014  002  008
015  004  008
016  003  007
017  002  009
018  003  005
019  003  009
020  001  008
021  002  004
#
# Reaction Forces
001    0.000     0.000    -1.000
001    0.707     0.707     0.000
004    0.707    -0.707     0.000
004    0.000     0.000     1.000
007    0.000     0.000     1.000
007    0.000     1.000     0.000
#
# External Loads
# End.