%Time [ms]	Commanded Torque [mNm]	Angular Velocity [RPM]	Actual Current [Amp]	%12/3/20191:33 PM
0.000	0.000	0.000	0.000
20.000	8.000	0.000	0.006
30.000	8.000	0.000	0.006
40.000	8.000	0.000	0.009
50.000	8.000	0.000	0.006
60.000	8.000	0.000	0.008
70.000	8.000	0.000	0.007
80.000	8.000	0.000	0.006
90.000	8.000	0.000	0.004
100.000	8.000	0.000	0.004
110.000	8.000	0.000	0.004
120.000	8.000	0.000	0.006
130.000	8.000	0.000	0.009
140.000	8.000	0.000	0.009
150.000	8.000	0.000	0.006
160.000	8.000	0.000	0.004
170.000	8.000	0.000	0.004
180.000	8.000	0.000	0.006
190.000	8.000	0.000	0.008
200.000	8.000	0.000	0.008
210.000	8.000	0.000	0.008
220.000	8.000	0.000	0.008
230.000	8.000	0.000	0.007
240.000	8.000	0.000	0.007
250.000	8.000	0.000	0.004
260.000	8.000	0.000	0.007
270.000	8.000	0.000	0.006
280.000	8.000	0.000	0.009
290.000	8.000	0.000	0.008
300.000	8.000	0.000	0.007
310.000	8.000	0.000	0.007
320.000	8.000	0.000	0.004
330.000	8.000	0.000	0.006
340.000	8.000	0.000	0.004
350.000	8.000	0.000	0.006
360.000	8.000	0.000	0.009
370.000	8.000	0.073	0.008
380.000	8.000	0.073	0.008
390.000	8.000	0.073	0.008
400.000	8.000	0.073	0.007
410.000	8.000	0.073	0.003
420.000	8.000	0.073	0.004
430.000	8.000	0.073	0.006
440.000	8.000	0.073	0.007
450.000	8.000	0.073	0.007
460.000	8.000	0.073	0.008
470.000	8.000	0.000	0.007
480.000	8.000	-0.073	0.003
490.000	8.000	-0.073	0.007
500.000	8.000	-0.073	0.006
510.000	8.000	-0.073	0.008
520.000	8.000	-0.073	0.009
530.000	8.000	-0.073	0.009
540.000	8.000	-0.073	0.006
550.000	8.000	-0.073	0.008
560.000	8.000	-0.073	0.004
570.000	8.000	-0.073	0.004
580.000	8.000	0.000	0.007
590.000	8.000	0.000	0.004
600.000	8.000	0.000	0.007
610.000	8.000	0.000	0.009
620.000	8.000	0.000	0.006
630.000	8.000	0.000	0.008
640.000	8.000	0.000	0.006
650.000	8.000	0.000	0.006
660.000	8.000	0.000	0.006
670.000	8.000	-0.073	0.007
680.000	8.000	-0.073	0.008
690.000	8.000	-0.073	0.004
700.000	8.000	-0.073	0.007
710.000	8.000	-0.073	0.009
720.000	8.000	-0.073	0.008
730.000	8.000	-0.073	0.004
740.000	8.000	-0.073	0.003
750.000	8.000	-0.073	0.008
760.000	8.000	-0.073	0.008
770.000	8.000	0.000	0.008
780.000	8.000	0.000	0.008
790.000	8.000	0.000	0.008
800.000	8.000	0.000	0.008
810.000	8.000	0.000	0.003
820.000	8.000	0.000	0.004
830.000	8.000	0.000	0.004
840.000	8.000	0.000	0.008
850.000	8.000	0.000	0.008
860.000	8.000	0.000	0.006
870.000	8.000	0.000	0.007
880.000	8.000	0.000	0.006
890.000	8.000	0.000	0.006
900.000	8.000	0.000	0.006
910.000	8.000	0.000	0.008
920.000	8.000	0.000	0.007
930.000	8.000	0.000	0.006
940.000	8.000	0.000	0.008
950.000	8.000	0.000	0.008
960.000	8.000	0.000	0.006
970.000	8.000	0.000	0.006
980.000	8.000	0.000	0.007
990.000	8.000	0.000	0.007
1000.000	8.000	0.000	0.007
1010.000	8.000	0.000	0.009
1020.000	8.000	0.000	0.009
1030.000	8.000	0.000	0.006
1040.000	8.000	0.000	0.052
1050.000	8.000	0.000	0.122
1060.000	8.000	0.000	0.179
1070.000	8.000	-0.073	0.213
1080.000	8.000	-0.073	0.242
1090.000	8.000	-0.146	0.264
1100.000	8.000	-0.220	0.281
1110.000	8.000	-0.293	0.291
1120.000	8.000	-0.439	0.297
1130.000	8.000	-0.513	0.306
1140.000	8.000	-0.659	0.308
1150.000	8.000	-0.879	0.314
1160.000	8.000	-1.025	0.317
1170.000	8.000	-1.245	0.317
1180.000	8.000	-1.538	0.316
1190.000	8.000	-1.758	0.316
1200.000	8.000	-1.904	0.319
1210.000	8.000	-2.051	0.322
1220.000	8.000	-2.051	0.322
1230.000	8.000	-2.197	0.321
1240.000	8.000	-2.271	0.319
1250.000	8.000	-2.344	0.321
1260.000	8.000	-2.490	0.318
1270.000	8.000	-2.637	0.321
1280.000	8.000	-2.710	0.319
1290.000	8.000	-2.710	0.321
1300.000	8.000	-2.783	0.319
1310.000	8.000	-2.930	0.322
1320.000	8.000	-3.149	0.324
1330.000	8.000	-3.516	0.322
1340.000	8.000	-3.735	0.321
1350.000	8.000	-3.809	0.319
1360.000	8.000	-3.809	0.319
1370.000	8.000	-3.662	0.321
1380.000	8.000	-3.662	0.321
1390.000	8.000	-3.809	0.322
1400.000	8.000	-4.028	0.319
1410.000	8.000	-4.102	0.318
1420.000	8.000	-4.102	0.319
1430.000	8.000	-4.028	0.322
1440.000	8.000	-4.175	0.322
1450.000	8.000	-4.468	0.322
1460.000	8.000	-4.541	0.324
1470.000	8.000	-4.614	0.322
1480.000	8.000	-4.761	0.323
1490.000	8.000	-5.054	0.318
1500.000	8.000	-5.127	0.321
1510.000	8.000	-5.200	0.322
1520.000	8.000	-5.566	0.322
1530.000	8.000	-5.786	0.319
1540.000	8.000	-5.713	0.322
1550.000	8.000	-5.566	0.323
1560.000	8.000	-5.786	0.323
1570.000	8.000	-6.226	0.321
1580.000	8.000	-6.299	0.322
1590.000	8.000	-6.226	0.319
1600.000	8.000	-6.592	0.318
1610.000	8.000	-6.665	0.318
1620.000	8.000	-6.519	0.323
1630.000	8.000	-6.592	0.321
1640.000	8.000	-6.885	0.323
1650.000	8.000	-7.104	0.319
1660.000	8.000	-7.544	0.319
1670.000	8.000	-7.471	0.318
1680.000	8.000	-7.471	0.322
1690.000	8.000	-7.690	0.318
1700.000	8.000	-7.544	0.323
1710.000	8.000	-7.764	0.322
1720.000	8.000	-8.276	0.319
1730.000	8.000	-8.203	0.321
1740.000	8.000	-8.203	0.317
1750.000	8.000	-8.569	0.319
1760.000	8.000	-8.350	0.319
1770.000	8.000	-8.789	0.319
1780.000	8.000	-9.009	0.323
1790.000	8.000	-8.936	0.321
1800.000	8.000	-9.229	0.323
1810.000	8.000	-9.302	0.323
1820.000	8.000	-9.448	0.319
1830.000	8.000	-9.521	0.319
1840.000	8.000	-9.814	0.319
1850.000	8.000	-9.814	0.319
1860.000	8.000	-10.254	0.323
1870.000	8.000	-10.034	0.324
1880.000	8.000	-10.181	0.321
1890.000	8.000	-10.547	0.321
1900.000	8.000	-10.474	0.321
1910.000	8.000	-10.986	0.321
1920.000	8.000	-10.620	0.318
1930.000	8.000	-11.133	0.319
1940.000	8.000	-11.206	0.321
1950.000	8.000	-11.426	0.322
1960.000	8.000	-11.060	0.324
1970.000	8.000	-11.426	0.321
1980.000	8.000	-11.646	0.318
1990.000	8.000	-11.792	0.321
2000.000	8.000	-11.865	0.321
2010.000	8.000	-11.792	0.318
2020.000	8.000	-12.378	0.322
2030.000	8.000	-12.231	0.321
2040.000	8.000	-12.231	0.323
2050.000	8.000	-12.158	0.325
2060.000	8.000	-12.891	0.321
2070.000	8.000	-12.598	0.319
2080.000	8.000	-13.037	0.318
2090.000	8.000	-13.037	0.318
2100.000	8.000	-13.257	0.319
2110.000	8.000	-13.257	0.323
2120.000	8.000	-13.110	0.322
2130.000	8.000	-13.550	0.323
2140.000	8.000	-13.916	0.319
2150.000	8.000	-13.916	0.319
2160.000	8.000	-14.136	0.318
2170.000	8.000	-14.136	0.318
2180.000	8.000	-14.282	0.319
2190.000	8.000	-14.429	0.323
2200.000	8.000	-14.429	0.324
2210.000	8.000	-14.795	0.325
2220.000	8.000	-15.161	0.324
2230.000	8.000	-14.868	0.318
2240.000	8.000	-15.308	0.319
2250.000	8.000	-15.454	0.322
2260.000	8.000	-15.088	0.319
2270.000	8.000	-15.674	0.323
2280.000	8.000	-15.894	0.323
2290.000	8.000	-15.601	0.319
2300.000	8.000	-16.040	0.318
2310.000	8.000	-16.113	0.318
2320.000	8.000	-15.894	0.318
2330.000	8.000	-16.333	0.316
2340.000	8.000	-16.479	0.319
2350.000	8.000	-16.406	0.322
2360.000	8.000	-16.772	0.323
2370.000	8.000	-16.699	0.322
2380.000	8.000	-16.699	0.323
2390.000	8.000	-17.432	0.319
2400.000	8.000	-17.065	0.319
2410.000	8.000	-17.139	0.318
2420.000	8.000	-17.651	0.319
2430.000	8.000	-17.651	0.323
2440.000	8.000	-17.725	0.321
2450.000	8.000	-17.725	0.323
2460.000	8.000	-17.871	0.318
2470.000	8.000	-18.237	0.319
2480.000	8.000	-18.311	0.319
2490.000	8.000	-18.164	0.318
2500.000	8.000	-18.530	0.317
2510.000	8.000	-18.604	0.319
2520.000	8.000	-18.677	0.323
2530.000	8.000	-18.823	0.322
2540.000	8.000	-19.116	0.322
2550.000	8.000	-19.116	0.323
2560.000	8.000	-19.263	0.319
2570.000	8.000	-19.263	0.319
2580.000	8.000	-19.409	0.321
2590.000	8.000	-19.629	0.321
2600.000	8.000	-19.849	0.324
2610.000	8.000	-19.995	0.323
2620.000	8.000	-19.775	0.321
2630.000	8.000	-20.068	0.318
2640.000	8.000	-19.849	0.321
2650.000	8.000	-20.288	0.319
2660.000	8.000	-20.581	0.322
2670.000	8.000	-20.581	0.319
2680.000	8.000	-20.801	0.322
2690.000	8.000	-20.581	0.321
2700.000	8.000	-20.801	0.322
2710.000	8.000	-20.728	0.319
2720.000	8.000	-21.313	0.319
2730.000	8.000	-21.094	0.318
2740.000	8.000	-21.240	0.318
2750.000	8.000	-21.460	0.319
2760.000	8.000	-21.387	0.319
2770.000	8.000	-21.606	0.323
2780.000	8.000	-21.606	0.322
2790.000	8.000	-21.899	0.322
2800.000	8.000	-21.973	0.318
2810.000	8.000	-22.339	0.321
2820.000	8.000	-22.046	0.319
2830.000	8.000	-22.412	0.318
2840.000	8.000	-22.632	0.319
2850.000	8.000	-22.705	0.321
2860.000	8.000	-22.705	0.318
2870.000	8.000	-22.852	0.321
2880.000	8.000	-22.705	0.324
2890.000	8.000	-23.071	0.321
2900.000	8.000	-23.071	0.322
2910.000	8.000	-23.145	0.318
2920.000	8.000	-23.291	0.321
2930.000	8.000	-23.437	0.318
2940.000	8.000	-23.364	0.322
2950.000	8.000	-23.511	0.323
2960.000	8.000	-23.730	0.322
2970.000	8.000	-23.730	0.324
2980.000	8.000	-23.950	0.319
2990.000	8.000	-23.877	0.318
3000.000	8.000	-24.023	0.318
3010.000	8.000	-24.097	0.318
3020.000	8.000	-24.316	0.321
3030.000	8.000	-24.243	0.325
3040.000	8.000	-24.536	0.324
3050.000	8.000	-24.609	0.321
3060.000	8.000	-24.902	0.322
3070.000	8.000	-24.902	0.322
3080.000	8.000	-25.415	0.321
3090.000	8.000	-25.269	0.319
3100.000	8.000	-25.488	0.318
3110.000	8.000	-25.488	0.321
3120.000	8.000	-25.635	0.321
3130.000	8.000	-25.708	0.318
3140.000	8.000	-25.854	0.319
3150.000	8.000	-26.147	0.319
3160.000	8.000	-25.928	0.322
3170.000	8.000	-26.367	0.319
3180.000	8.000	-26.074	0.317
3190.000	8.000	-26.440	0.322
3200.000	8.000	-26.440	0.322
3210.000	8.000	-26.587	0.324
3220.000	8.000	-26.953	0.318
3230.000	8.000	-27.173	0.321
3240.000	8.000	-27.173	0.319
3250.000	8.000	-27.026	0.319
3260.000	8.000	-27.246	0.321
3270.000	8.000	-27.246	0.321
3280.000	8.000	-27.539	0.324
3290.000	8.000	-27.832	0.324
3300.000	8.000	-27.759	0.322
3310.000	8.000	-27.905	0.321
3320.000	8.000	-28.125	0.321
3330.000	8.000	-28.052	0.321
3340.000	8.000	-28.271	0.322
3350.000	8.000	-28.418	0.321
3360.000	8.000	-28.564	0.322
3370.000	8.000	-28.784	0.324
3380.000	8.000	-28.784	0.323
3390.000	8.000	-28.638	0.323
3400.000	8.000	-29.004	0.321
3410.000	8.000	-29.224	0.318
3420.000	8.000	-29.004	0.319
3430.000	8.000	-29.150	0.322
3440.000	8.000	-29.443	0.321
3450.000	8.000	-29.663	0.322
3460.000	8.000	-29.590	0.324
3470.000	8.000	-29.517	0.323
3480.000	8.000	-29.956	0.324
3490.000	8.000	-29.956	0.321
3500.000	8.000	-29.956	0.318
3510.000	8.000	-30.322	0.319
3520.000	8.000	-30.176	0.321
3530.000	8.000	-30.469	0.321
3540.000	8.000	-30.615	0.323
3550.000	8.000	-30.396	0.321
3560.000	8.000	-30.688	0.324
3570.000	8.000	-30.981	0.321
3580.000	8.000	-30.908	0.319
3590.000	8.000	-30.908	0.319
3600.000	8.000	-31.348	0.319
3610.000	8.000	-31.201	0.321
3620.000	8.000	-31.201	0.321
3630.000	8.000	-31.641	0.323
3640.000	8.000	-31.494	0.318
3650.000	8.000	-31.494	0.318
3660.000	8.000	-32.007	0.318
3670.000	8.000	-31.641	0.321
3680.000	8.000	-31.860	0.321
3690.000	8.000	-32.300	0.322
3700.000	8.000	-31.934	0.321
3710.000	8.000	-32.446	0.323
3720.000	8.000	-32.593	0.323
3730.000	8.000	-32.373	0.323
3740.000	8.000	-32.886	0.323
3750.000	8.000	-32.886	0.323
3760.000	8.000	-32.886	0.318
3770.000	8.000	-33.252	0.321
3780.000	8.000	-33.325	0.322
3790.000	8.000	-33.179	0.319
3800.000	8.000	-33.911	0.323
3810.000	8.000	-33.472	0.321
3820.000	8.000	-33.545	0.322
3830.000	8.000	-33.911	0.322
3840.000	8.000	-33.618	0.323
3850.000	8.000	-33.765	0.323
3860.000	8.000	-33.765	0.323
3870.000	8.000	-34.277	0.319
3880.000	8.000	-34.424	0.321
3890.000	8.000	-34.424	0.321
3900.000	8.000	-34.058	0.322
3910.000	8.000	-34.790	0.323
3920.000	8.000	-34.790	0.323
3930.000	8.000	-34.790	0.321
3940.000	8.000	-35.010	0.321
3950.000	8.000	-35.376	0.319
3960.000	8.000	-35.522	0.322
3970.000	8.000	-35.229	0.319
3980.000	8.000	-35.522	0.322
3990.000	8.000	-35.742	0.321
4000.000	8.000	-36.035	0.321
4010.000	8.000	-35.815	0.321
4020.000	8.000	-36.182	0.316
4030.000	8.000	-36.108	0.321
4040.000	8.000	-36.694	0.319
4050.000	8.000	-36.182	0.321
4060.000	8.000	-36.475	0.319
4070.000	8.000	-36.768	0.317
4080.000	8.000	-36.768	0.322
4090.000	8.000	-37.134	0.321
4100.000	8.000	-36.914	0.323
4110.000	8.000	-37.061	0.322
4120.000	8.000	-37.207	0.318
4130.000	8.000	-37.500	0.322
4140.000	8.000	-37.573	0.318
4150.000	8.000	-37.793	0.321
4160.000	8.000	-37.866	0.321
4170.000	8.000	-37.866	0.322
4180.000	8.000	-38.013	0.321
4190.000	8.000	-38.086	0.323
4200.000	8.000	-38.599	0.321
4210.000	8.000	-38.599	0.321
4220.000	8.000	-38.672	0.317
4230.000	8.000	-38.818	0.322
4240.000	8.000	-38.525	0.321
4250.000	8.000	-39.038	0.322
4260.000	8.000	-39.331	0.321
4270.000	8.000	-39.551	0.317
4280.000	8.000	-39.404	0.318
4290.000	8.000	-39.551	0.319
4300.000	8.000	-39.624	0.318
4310.000	8.000	-39.624	0.318
4320.000	8.000	-39.917	0.318
4330.000	8.000	-40.430	0.322
4340.000	8.000	-40.430	0.322
4350.000	8.000	-40.283	0.322
4360.000	8.000	-40.576	0.318
4370.000	8.000	-40.576	0.318
4380.000	8.000	-40.723	0.323
4390.000	8.000	-40.869	0.321
4400.000	8.000	-40.869	0.321
4410.000	8.000	-41.309	0.319
4420.000	8.000	-41.235	0.327
4430.000	8.000	-41.235	0.327
4440.000	8.000	-41.382	0.321
4450.000	8.000	-41.821	0.319
4460.000	8.000	-41.821	0.319
4470.000	8.000	-41.895	0.319
4480.000	8.000	-42.114	0.321
4490.000	8.000	-42.114	0.321
4500.000	8.000	-42.187	0.319
4510.000	8.000	-42.334	0.319
4520.000	8.000	-42.334	0.319
4530.000	8.000	-42.700	0.322
4540.000	8.000	-42.847	0.321
4550.000	8.000	-42.847	0.321
4560.000	8.000	-42.773	0.322
4570.000	8.000	-43.140	0.318
4580.000	8.000	-43.140	0.318
4590.000	8.000	-43.433	0.319
4600.000	8.000	-43.433	0.318
4610.000	8.000	-43.506	0.321
4620.000	8.000	-43.359	0.321
4630.000	8.000	-43.359	0.322
4640.000	8.000	-43.872	0.322
4650.000	8.000	-43.872	0.322
4660.000	8.000	-44.165	0.319
4670.000	8.000	-44.312	0.321
4680.000	8.000	-44.385	0.319
4690.000	8.000	-44.385	0.321
4700.000	8.000	-44.678	0.319
4710.000	8.000	-44.385	0.324
4720.000	8.000	-44.824	0.324
4730.000	8.000	-44.824	0.325
4740.000	8.000	-44.678	0.321
4750.000	8.000	-44.824	0.321
4760.000	8.000	-45.044	0.324
4770.000	8.000	-44.897	0.318
4780.000	8.000	-45.044	0.318
4790.000	8.000	-45.264	0.319
4800.000	8.000	-45.190	0.318
4810.000	8.000	-45.557	0.323
4820.000	8.000	-45.703	0.323
4830.000	8.000	-45.850	0.322
4840.000	8.000	-45.996	0.321
4850.000	8.000	-46.289	0.319
4860.000	8.000	-46.143	0.321
4870.000	8.000	-46.362	0.323
4880.000	8.000	-46.582	0.321
4890.000	8.000	-46.509	0.319
4900.000	8.000	-46.655	0.323
4910.000	8.000	-46.875	0.321
4920.000	8.000	-46.802	0.322
4930.000	8.000	-46.948	0.319
4940.000	8.000	-47.241	0.319
4950.000	8.000	-47.021	0.322
4960.000	8.000	-47.241	0.317
4970.000	8.000	-47.388	0.319
4980.000	8.000	-47.314	0.321
4990.000	8.000	-47.681	0.322
5000.000	8.000	-47.681	0.322
5010.000	8.000	-47.681	0.323
5020.000	8.000	-48.047	0.318
5030.000	8.000	-48.047	0.318
5040.000	8.000	-48.193	0.319
5050.000	8.000	-48.633	0.318
5060.000	8.000	-48.633	0.318
5070.000	8.000	-48.633	0.318
5080.000	8.000	-48.853	0.323
5090.000	8.000	-48.853	0.323
5100.000	8.000	-48.853	0.321
5110.000	8.000	-48.926	0.318
5120.000	8.000	-48.926	0.318
5130.000	8.000	-48.999	0.321
5140.000	8.000	-49.292	0.323
5150.000	8.000	-49.292	0.323
5160.000	8.000	-49.292	0.317
5170.000	8.000	-49.512	0.319
5180.000	8.000	-49.512	0.319
5190.000	8.000	-49.805	0.324
5200.000	8.000	-50.464	0.319
5210.000	8.000	-50.464	0.319
5220.000	8.000	-50.464	0.317
5230.000	8.000	-50.391	0.319
5240.000	8.000	-50.391	0.319
5250.000	8.000	-50.391	0.322
5260.000	8.000	-50.757	0.318
5270.000	8.000	-50.757	0.318
5280.000	8.000	-50.977	0.322
5290.000	8.000	-50.977	0.323
5300.000	8.000	-51.416	0.319
5310.000	8.000	-51.050	0.319
5320.000	8.000	-51.416	0.321
5330.000	8.000	-51.489	0.321
5340.000	8.000	-51.636	0.321
5350.000	8.000	-51.636	0.319
5360.000	8.000	-52.002	0.319
5370.000	8.000	-52.075	0.322
5380.000	8.000	-52.002	0.321
5390.000	8.000	-52.295	0.322
5400.000	8.000	-52.148	0.319
5410.000	8.000	-52.515	0.319
5420.000	8.000	-52.441	0.318
5430.000	8.000	-52.515	0.319
5440.000	8.000	-52.881	0.322
5450.000	8.000	-53.174	0.321
5460.000	8.000	-52.881	0.319
5470.000	8.000	-53.101	0.323
5480.000	8.000	-53.760	0.322
5490.000	8.000	-53.467	0.319
5500.000	8.000	-53.467	0.322
5510.000	8.000	-53.687	0.324
5520.000	8.000	-53.687	0.318
5530.000	8.000	-54.053	0.318
5540.000	8.000	-54.419	0.321
5550.000	8.000	-54.272	0.319
5560.000	8.000	-54.346	0.321
5570.000	8.000	-54.639	0.321
5580.000	8.000	-54.199	0.321
5590.000	8.000	-54.785	0.318
5600.000	8.000	-55.298	0.322
5610.000	8.000	-54.932	0.318
5620.000	8.000	-55.298	0.321
5630.000	8.000	-55.298	0.318
5640.000	8.000	-55.005	0.318
5650.000	8.000	-55.664	0.316
5660.000	8.000	-55.884	0.323
5670.000	8.000	-55.737	0.323
5680.000	8.000	-56.030	0.319
5690.000	8.000	-56.177	0.323
5700.000	8.000	-56.104	0.321
5710.000	8.000	-56.177	0.321
5720.000	8.000	-56.470	0.318
5730.000	8.000	-56.470	0.322
5740.000	8.000	-56.763	0.318
5750.000	8.000	-56.763	0.318
5760.000	8.000	-56.543	0.319
5770.000	8.000	-56.836	0.322
5780.000	8.000	-57.129	0.323
5790.000	8.000	-57.129	0.322
5800.000	8.000	-56.909	0.322
5810.000	8.000	-57.568	0.321
5820.000	8.000	-57.202	0.321
5830.000	8.000	-57.642	0.318
5840.000	8.000	-57.568	0.322
5850.000	8.000	-57.422	0.318
5860.000	8.000	-57.935	0.321
5870.000	8.000	-58.154	0.321
5880.000	8.000	-57.861	0.317
5890.000	8.000	-57.788	0.319
5900.000	8.000	-58.374	0.321
5910.000	8.000	-58.301	0.322
5920.000	8.000	-58.447	0.317
5930.000	8.000	-58.447	0.324
5940.000	8.000	-58.521	0.321
5950.000	8.000	-58.887	0.319
5960.000	8.000	-58.887	0.322
5970.000	8.000	-58.740	0.321
5980.000	8.000	-58.960	0.325
5990.000	8.000	-59.473	0.323
6000.000	8.000	-58.960	0.319
6010.000	8.000	-59.399	0.322
6020.000	8.000	-59.399	0.322
6030.000	8.000	-59.473	0.319
6040.000	8.000	-59.619	0.318
6050.000	8.000	-59.546	0.322
6060.000	8.000	-59.912	0.322
6070.000	8.000	-59.839	0.321
6080.000	8.000	-60.352	0.322
6090.000	8.000	-60.059	0.322
6100.000	8.000	-60.571	0.317
6110.000	8.000	-60.718	0.319
6120.000	8.000	-60.571	0.322
6130.000	8.000	-60.864	0.317
6140.000	8.000	-61.011	0.321
6150.000	8.000	-60.937	0.323
6160.000	8.000	-61.157	0.317
6170.000	8.000	-61.304	0.323
6180.000	8.000	-61.011	0.321
6190.000	8.000	-61.523	0.316
6200.000	8.000	-61.450	0.322
6210.000	8.000	-61.377	0.319
6220.000	8.000	-61.963	0.319
6230.000	8.000	-61.597	0.321
6240.000	8.000	-61.743	0.321
6250.000	8.000	-62.329	0.323
6260.000	8.000	-61.890	0.322
6270.000	8.000	-62.183	0.324
6280.000	8.000	-62.622	0.318
6290.000	8.000	-62.256	0.319
6300.000	8.000	-62.476	0.322
6310.000	8.000	-62.915	0.319
6320.000	8.000	-62.549	0.321
6330.000	8.000	-62.842	0.319
6340.000	8.000	-63.208	0.318
6350.000	8.000	-62.988	0.323
6360.000	8.000	-63.135	0.323
6370.000	8.000	-63.354	0.321
6380.000	8.000	-63.354	0.323
6390.000	8.000	-63.428	0.323
6400.000	8.000	-63.647	0.319
6410.000	8.000	-63.501	0.322
6420.000	8.000	-63.940	0.319
6430.000	8.000	-63.867	0.318
6440.000	8.000	-64.087	0.319
6450.000	8.000	-64.233	0.323
6460.000	8.000	-64.453	0.322
6470.000	8.000	-64.600	0.322
6480.000	8.000	-64.307	0.319
6490.000	8.000	-64.673	0.321
6500.000	8.000	-65.259	0.321
6510.000	8.000	-65.112	0.324
6520.000	8.000	-65.112	0.319
6530.000	8.000	-65.405	0.325
6540.000	8.000	-65.186	0.319
6550.000	8.000	-65.479	0.323
6560.000	8.000	-65.918	0.322
6570.000	8.000	-65.918	0.319
6580.000	8.000	-65.991	0.321
6590.000	8.000	-66.138	0.318
6600.000	8.000	-65.845	0.321
6610.000	8.000	-66.211	0.317
6620.000	8.000	-66.724	0.319
6630.000	8.000	-66.650	0.318
6640.000	8.000	-67.017	0.323
6650.000	8.000	-66.797	0.318
6660.000	8.000	-66.650	0.323
6670.000	8.000	-66.724	0.322
6680.000	8.000	-67.383	0.321
6690.000	8.000	-67.456	0.319
6700.000	8.000	-67.310	0.323
6710.000	8.000	-67.822	0.321
6720.000	8.000	-67.236	0.318
6730.000	8.000	-67.603	0.319
6740.000	8.000	-67.529	0.318
6750.000	8.000	-67.822	0.322
6760.000	8.000	-67.822	0.323
6770.000	8.000	-68.115	0.321
6780.000	8.000	-67.969	0.322
6790.000	8.000	-68.042	0.321
6800.000	8.000	-68.481	0.319
6810.000	8.000	-68.042	0.322
6820.000	8.000	-68.628	0.321
6830.000	8.000	-68.774	0.318
6840.000	8.000	-68.774	0.319
6850.000	8.000	-68.701	0.322
6860.000	8.000	-69.360	0.323
6870.000	8.000	-68.848	0.321
6880.000	8.000	-69.067	0.321
6890.000	8.000	-69.287	0.319
6900.000	8.000	-69.214	0.321
6910.000	8.000	-69.214	0.321
6920.000	8.000	-69.507	0.321
6930.000	8.000	-69.214	0.321
6940.000	8.000	-69.434	0.318
6950.000	8.000	-69.800	0.319
6960.000	8.000	-69.434	0.321
6970.000	8.000	-69.873	0.322
6980.000	8.000	-70.386	0.318
6990.000	8.000	-69.946	0.318
7000.000	8.000	-70.020	0.322
7010.000	8.000	-70.679	0.319
7020.000	8.000	-70.532	0.322
7030.000	8.000	-70.679	0.317
7040.000	8.000	-70.898	0.322
7050.000	8.000	-70.752	0.319
7060.000	8.000	-71.191	0.318
7070.000	8.000	-71.265	0.321
7080.000	8.000	-70.898	0.319
7090.000	8.000	-71.338	0.323
7100.000	8.000	-71.777	0.323
7110.000	8.000	-71.338	0.323
7120.000	8.000	-71.338	0.322
7130.000	8.000	-71.851	0.318
7140.000	8.000	-71.631	0.321
7150.000	8.000	-71.924	0.321
7160.000	8.000	-71.924	0.324
7170.000	8.000	-72.070	0.322
7180.000	8.000	-72.070	0.319
7190.000	8.000	-72.729	0.324
7200.000	8.000	-72.217	0.324
7210.000	8.000	-72.583	0.324
7220.000	8.000	-72.729	0.321
7230.000	8.000	-72.583	0.321
7240.000	8.000	-72.876	0.321
7250.000	8.000	-72.876	0.322
7260.000	8.000	-72.949	0.319
7270.000	8.000	-73.022	0.318
7280.000	8.000	-73.608	0.321
7290.000	8.000	-73.096	0.325
7300.000	8.000	-73.389	0.321
7310.000	8.000	-73.535	0.322
7320.000	8.000	-73.535	0.322
7330.000	8.000	-73.975	0.321
7340.000	8.000	-74.194	0.321
7350.000	8.000	-74.194	0.321
7360.000	8.000	-74.341	0.319
7370.000	8.000	-74.341	0.319
7380.000	8.000	-74.487	0.323
7390.000	8.000	-74.561	0.323
7400.000	8.000	-75.073	0.317
7410.000	8.000	-75.073	0.323
7420.000	8.000	-75.293	0.321
7430.000	8.000	-75.220	0.322
7440.000	8.000	-75.293	0.321
7450.000	8.000	-75.293	0.318
7460.000	8.000	-76.099	0.322
7470.000	8.000	-75.879	0.318
7480.000	8.000	-75.659	0.322
7490.000	8.000	-75.952	0.321
7500.000	8.000	-75.659	0.319
7510.000	8.000	-76.172	0.322
7520.000	8.000	-76.245	0.318
7530.000	8.000	-76.025	0.323
7540.000	8.000	-76.758	0.318
7550.000	8.000	-76.758	0.319
7560.000	8.000	-76.025	0.321
7570.000	8.000	-76.611	0.323
7580.000	8.000	-76.611	0.323
7590.000	8.000	-76.831	0.319
7600.000	8.000	-76.978	0.323
7610.000	8.000	-76.978	0.323
7620.000	8.000	-76.978	0.323
7630.000	8.000	-76.831	0.319
7640.000	8.000	-76.831	0.319
7650.000	8.000	-77.344	0.319
7660.000	8.000	-77.490	0.321
7670.000	8.000	-77.710	0.321
7680.000	8.000	-77.710	0.322
7690.000	8.000	-77.563	0.319
7700.000	8.000	-77.856	0.323
7710.000	8.000	-78.003	0.319
7720.000	8.000	-77.930	0.319
7730.000	8.000	-78.589	0.317
7740.000	8.000	-78.442	0.322
7750.000	8.000	-78.223	0.322
7760.000	8.000	-78.589	0.319
7770.000	8.000	-78.442	0.321
7780.000	8.000	-78.516	0.321
7790.000	8.000	-79.175	0.321
7800.000	8.000	-78.809	0.321
7810.000	8.000	-78.955	0.324
7820.000	8.000	-79.102	0.323
7830.000	8.000	-78.662	0.323
7840.000	8.000	-79.248	0.317
7850.000	8.000	-79.541	0.327
7860.000	8.000	-79.468	0.317
7870.000	8.000	-79.614	0.318
7880.000	8.000	-80.054	0.321
7890.000	8.000	-79.541	0.318
7900.000	8.000	-79.907	0.321
7910.000	8.000	-80.273	0.324
7920.000	8.000	-80.127	0.321
7930.000	8.000	-80.347	0.321
7940.000	8.000	-80.200	0.322
7950.000	8.000	-80.054	0.321
7960.000	8.000	-80.273	0.321
7970.000	8.000	-80.640	0.321
7980.000	8.000	-80.493	0.321
7990.000	8.000	-80.713	0.318
8000.000	8.000	-81.006	0.319
8010.000	8.000	-80.420	0.318
8020.000	8.000	-81.079	0.322
8030.000	8.000	-81.372	0.321
8040.000	8.000	-81.372	0.323
8050.000	8.000	-81.592	0.322
8060.000	8.000	-81.958	0.322
8070.000	8.000	-81.519	0.322
8080.000	8.000	-81.665	0.323
8090.000	8.000	-82.178	0.321
8100.000	8.000	-82.178	0.322
8110.000	8.000	-82.324	0.319
8120.000	8.000	-82.397	0.318
8130.000	8.000	-82.178	0.322
8140.000	8.000	-82.617	0.323
8150.000	8.000	-82.983	0.327
8160.000	8.000	-82.544	0.322
8170.000	8.000	-83.057	0.323
8180.000	8.000	-82.983	0.319
8190.000	8.000	-83.057	0.321
8200.000	8.000	-82.910	0.318
8210.000	8.000	-83.643	0.321
8220.000	8.000	-83.423	0.319
8230.000	8.000	-83.789	0.321
8240.000	8.000	-83.862	0.323
8250.000	8.000	-83.423	0.321
8260.000	8.000	-83.862	0.321
8270.000	8.000	-84.155	0.321
8280.000	8.000	-84.229	0.321
8290.000	8.000	-84.229	0.323
8300.000	8.000	-84.448	0.318
8310.000	8.000	-84.155	0.321
8320.000	8.000	-84.302	0.323
8330.000	8.000	-84.741	0.321
8340.000	8.000	-84.595	0.322
8350.000	8.000	-84.888	0.322
8360.000	8.000	-84.888	0.323
8370.000	8.000	-84.595	0.319
8380.000	8.000	-84.668	0.318
8390.000	8.000	-85.107	0.319
8400.000	8.000	-85.400	0.318
8410.000	8.000	-85.107	0.319
8420.000	8.000	-85.474	0.319
8430.000	8.000	-85.034	0.321
8440.000	8.000	-85.107	0.318
8450.000	8.000	-85.767	0.321
8460.000	8.000	-85.840	0.322
8470.000	8.000	-85.767	0.324
8480.000	8.000	-86.060	0.323
8490.000	8.000	-85.620	0.321
8500.000	8.000	-85.547	0.322
8510.000	8.000	-86.426	0.321
8520.000	8.000	-86.353	0.318
8530.000	8.000	-86.499	0.321
8540.000	8.000	-86.499	0.323
8550.000	8.000	-86.133	0.321
8560.000	8.000	-86.206	0.317
8570.000	8.000	-86.865	0.321
8580.000	8.000	-86.865	0.321
8590.000	8.000	-87.231	0.322
8600.000	8.000	-87.744	0.323
8610.000	8.000	-86.938	0.321
8620.000	8.000	-87.085	0.325
8630.000	8.000	-87.598	0.318
8640.000	8.000	-87.378	0.319
8650.000	8.000	-87.524	0.321
8660.000	8.000	-88.037	0.322
8670.000	8.000	-87.817	0.321
8680.000	8.000	-87.817	0.323
8690.000	8.000	-87.891	0.323
8700.000	8.000	-87.524	0.322
8710.000	8.000	-88.110	0.323
8720.000	8.000	-88.477	0.322
8730.000	8.000	-87.964	0.321
8740.000	8.000	-88.550	0.318
8750.000	8.000	-88.989	0.324
8760.000	8.000	-88.696	0.319
8770.000	8.000	-88.843	0.322
8780.000	8.000	-89.355	0.323
8790.000	8.000	-88.916	0.327
8800.000	8.000	-89.209	0.322
8810.000	8.000	-89.575	0.327
8820.000	8.000	-89.282	0.322
8830.000	8.000	-89.648	0.321
8840.000	8.000	-89.868	0.319
8850.000	8.000	-89.429	0.318
8860.000	8.000	-89.648	0.319
8870.000	8.000	-90.015	0.319
8880.000	8.000	-89.868	0.318
8890.000	8.000	-90.381	0.321
8900.000	8.000	-90.820	0.323
8910.000	8.000	-90.308	0.322
8920.000	8.000	-90.381	0.318
8930.000	8.000	-90.527	0.322
8940.000	8.000	-90.454	0.321
8950.000	8.000	-90.747	0.318
8960.000	8.000	-91.113	0.318
8970.000	8.000	-90.820	0.319
8980.000	8.000	-90.967	0.318
8990.000	8.000	-91.113	0.321
9000.000	8.000	-90.601	0.322
9010.000	8.000	-91.040	0.324
9020.000	8.000	-91.699	0.323
9030.000	8.000	-91.479	0.322
9040.000	8.000	-91.626	0.323
9050.000	8.000	-91.772	0.267
9060.000	8.000	-91.479	0.197
9070.000	8.000	-91.699	0.148
9080.000	8.000	-92.065	0.106
9090.000	8.000	-91.846	0.081
9100.000	8.000	-92.139	0.058
9110.000	8.000	-92.212	0.043
9120.000	8.000	-91.553	0.036
9130.000	8.000	-91.626	0.028
9140.000	8.000	-91.992	0.024
9150.000	8.000	-91.553	0.015
9160.000	8.000	-91.479	0.018
9170.000	8.000	-91.479	0.015
9180.000	8.000	-91.040	0.014
9190.000	8.000	-91.187	0.012
9200.000	8.000	-91.113	0.009
9210.000	8.000	-90.820	0.008
9220.000	8.000	-90.967	0.008
9230.000	8.000	-91.113	0.004
9240.000	8.000	-90.601	0.007
9250.000	8.000	-90.894	0.004
9260.000	8.000	-91.260	0.008
9270.000	8.000	-90.967	0.008
9280.000	8.000	-90.894	0.009
9290.000	8.000	-90.674	0.010
9300.000	8.000	-90.381	0.007
9310.000	8.000	-90.527	0.009
9320.000	8.000	-90.820	0.008
9330.000	8.000	-90.601	0.006
9340.000	8.000	-90.527	0.007
9350.000	8.000	-90.674	0.006
9360.000	8.000	-89.868	0.006
9370.000	8.000	-90.015	0.008
9380.000	8.000	-90.234	0.009
9390.000	8.000	-90.234	0.008
9400.000	8.000	-90.527	0.006
9410.000	8.000	-90.454	0.008
9420.000	8.000	-89.722	0.006
9430.000	8.000	-89.795	-0.000
9440.000	8.000	-90.088	0.004
9450.000	8.000	-89.722	0.003
9460.000	8.000	-90.015	0.007
9470.000	8.000	-89.795	0.004
9480.000	8.000	-89.355	0.004
9490.000	8.000	-89.429	0.006
9500.000	8.000	-89.648	0.007
9510.000	8.000	-89.502	0.008
9520.000	8.000	-89.868	0.004
9530.000	8.000	-89.648	0.008
9540.000	8.000	-89.062	0.007
9550.000	8.000	-89.209	0.007
9560.000	8.000	-89.575	0.006
9570.000	8.000	-89.429	0.007
9580.000	8.000	-89.355	0.007
9590.000	8.000	-89.282	0.003
9600.000	8.000	-88.916	0.006
9610.000	8.000	-89.062	0.007
9620.000	8.000	-89.282	0.007
9630.000	8.000	-89.062	0.006
9640.000	8.000	-89.062	0.008
9650.000	8.000	-89.209	0.010
9660.000	8.000	-88.550	0.009
9670.000	8.000	-88.477	0.006
9680.000	8.000	-88.770	0.004
9690.000	8.000	-88.623	0.003
9700.000	8.000	-88.623	0.003
9710.000	8.000	-88.403	0.003
9720.000	8.000	-87.744	0.004
9730.000	8.000	-88.037	0.006
9740.000	8.000	-88.403	0.009
9750.000	8.000	-87.671	0.007
9760.000	8.000	-87.817	0.007
9770.000	8.000	-88.257	0.007
9780.000	8.000	-87.964	0.008
9790.000	8.000	-87.744	0.006
9800.000	8.000	-87.671	0.003
9810.000	8.000	-87.451	0.006
9820.000	8.000	-87.524	0.003
9830.000	8.000	-87.598	0.004
9840.000	8.000	-87.158	0.006
9850.000	8.000	-87.524	0.008
9860.000	8.000	-87.378	0.006
9870.000	8.000	-86.719	0.007
9880.000	8.000	-86.792	0.009
9890.000	8.000	-87.305	0.004
9900.000	8.000	-86.719	0.012
9910.000	8.000	-86.938	0.004
9920.000	8.000	-87.158	0.003
9930.000	8.000	-86.646	0.006
9940.000	8.000	-86.572	0.003
9950.000	8.000	-86.865	0.007
9960.000	8.000	-86.499	0.007
9970.000	8.000	-86.792	0.007
9980.000	8.000	-87.012	0.008
9990.000	8.000	-86.353	0.008
10000.000	8.000	-86.426	0.007
10010.000	8.000	-86.572	0.007
10020.000	8.000	-86.060	0.007
