%Time [ms]	Commanded Torque [mNm]	Angular Velocity [RPM]	Actual Current [Amp]	%12/3/20191:34 PM
0.000	0.000	0.000	0.000
20.000	5.000	0.000	0.004
30.000	5.000	0.000	0.006
40.000	5.000	0.000	0.004
50.000	5.000	0.000	0.003
60.000	5.000	0.000	0.007
70.000	5.000	0.000	0.008
80.000	5.000	0.000	0.009
90.000	5.000	0.000	0.009
100.000	5.000	0.000	0.006
110.000	5.000	0.000	0.007
120.000	5.000	0.000	0.010
130.000	5.000	0.000	0.010
140.000	5.000	0.000	0.008
150.000	5.000	0.000	0.009
160.000	5.000	0.000	0.007
170.000	5.000	0.000	0.004
180.000	5.000	0.000	0.003
190.000	5.000	0.000	0.004
200.000	5.000	0.000	0.003
210.000	5.000	0.000	0.007
220.000	5.000	0.000	0.004
230.000	5.000	0.000	0.006
240.000	5.000	0.000	0.009
250.000	5.000	0.000	0.007
260.000	5.000	0.000	0.007
270.000	5.000	0.000	0.007
280.000	5.000	0.000	0.010
290.000	5.000	0.000	0.012
300.000	5.000	0.000	0.007
310.000	5.000	0.000	0.007
320.000	5.000	0.000	0.004
330.000	5.000	0.000	0.006
340.000	5.000	0.000	0.004
350.000	5.000	0.000	0.003
360.000	5.000	0.000	0.007
370.000	5.000	0.000	0.007
380.000	5.000	0.000	0.006
390.000	5.000	0.000	0.008
400.000	5.000	0.000	0.008
410.000	5.000	0.000	0.007
420.000	5.000	0.000	0.006
430.000	5.000	0.000	0.008
440.000	5.000	0.000	0.008
450.000	5.000	0.000	0.010
460.000	5.000	0.000	0.007
470.000	5.000	0.000	0.007
480.000	5.000	0.000	0.003
490.000	5.000	0.000	0.003
500.000	5.000	0.000	0.006
510.000	5.000	0.000	0.003
520.000	5.000	0.000	0.007
530.000	5.000	0.000	0.004
540.000	5.000	0.000	0.007
550.000	5.000	0.000	0.010
560.000	5.000	0.000	0.007
570.000	5.000	0.000	0.009
580.000	5.000	0.000	0.007
590.000	5.000	0.000	0.008
600.000	5.000	0.000	0.009
610.000	5.000	0.000	0.009
620.000	5.000	0.000	0.007
630.000	5.000	0.000	0.008
640.000	5.000	0.000	0.006
650.000	5.000	0.000	0.003
660.000	5.000	0.000	0.007
670.000	5.000	0.000	0.007
680.000	5.000	0.000	0.004
690.000	5.000	0.000	0.004
700.000	5.000	0.000	0.006
710.000	5.000	0.000	0.008
720.000	5.000	0.000	0.009
730.000	5.000	0.000	0.007
740.000	5.000	0.000	0.006
750.000	5.000	0.000	0.006
760.000	5.000	0.000	0.009
770.000	5.000	0.000	0.010
780.000	5.000	0.000	0.007
790.000	5.000	0.000	0.007
800.000	5.000	0.000	0.007
810.000	5.000	0.000	0.006
820.000	5.000	0.000	0.004
830.000	5.000	0.000	0.003
840.000	5.000	0.000	0.006
850.000	5.000	0.000	0.006
860.000	5.000	0.000	0.009
870.000	5.000	0.000	0.008
880.000	5.000	0.000	0.007
890.000	5.000	0.000	0.007
900.000	5.000	0.000	0.008
910.000	5.000	0.000	0.007
920.000	5.000	0.000	0.012
930.000	5.000	0.000	0.012
940.000	5.000	0.000	0.007
950.000	5.000	0.000	0.004
960.000	5.000	0.000	0.007
970.000	5.000	0.000	0.006
980.000	5.000	0.000	0.006
990.000	5.000	0.000	0.007
1000.000	5.000	0.000	0.006
1010.000	5.000	0.000	0.007
1020.000	5.000	0.000	0.003
1030.000	5.000	0.000	0.018
1040.000	5.000	0.000	0.068
1050.000	5.000	0.000	0.103
1060.000	5.000	0.000	0.103
1070.000	5.000	0.000	0.131
1080.000	5.000	-0.073	0.164
1090.000	5.000	-0.073	0.164
1100.000	5.000	-0.146	0.175
1110.000	5.000	-0.220	0.189
1120.000	5.000	-0.220	0.189
1130.000	5.000	-0.293	0.194
1140.000	5.000	-0.439	0.196
1150.000	5.000	-0.439	0.196
1160.000	5.000	-0.586	0.195
1170.000	5.000	-0.732	0.200
1180.000	5.000	-0.732	0.200
1190.000	5.000	-0.952	0.202
1200.000	5.000	-1.245	0.201
1210.000	5.000	-1.245	0.201
1220.000	5.000	-1.318	0.202
1230.000	5.000	-1.465	0.203
1240.000	5.000	-1.465	0.203
1250.000	5.000	-1.465	0.205
1260.000	5.000	-1.465	0.207
1270.000	5.000	-1.465	0.207
1280.000	5.000	-1.465	0.207
1290.000	5.000	-1.245	0.203
1300.000	5.000	-1.245	0.203
1310.000	5.000	-1.318	0.202
1320.000	5.000	-1.245	0.200
1330.000	5.000	-1.245	0.200
1340.000	5.000	-1.318	0.201
1350.000	5.000	-1.538	0.202
1360.000	5.000	-1.538	0.202
1370.000	5.000	-1.685	0.203
1380.000	5.000	-1.758	0.205
1390.000	5.000	-1.831	0.201
1400.000	5.000	-1.904	0.203
1410.000	5.000	-1.904	0.202
1420.000	5.000	-2.051	0.206
1430.000	5.000	-2.051	0.207
1440.000	5.000	-2.051	0.206
1450.000	5.000	-2.124	0.206
1460.000	5.000	-2.271	0.202
1470.000	5.000	-2.271	0.202
1480.000	5.000	-2.417	0.202
1490.000	5.000	-2.417	0.203
1500.000	5.000	-2.490	0.201
1510.000	5.000	-2.417	0.201
1520.000	5.000	-2.417	0.201
1530.000	5.000	-2.490	0.201
1540.000	5.000	-2.490	0.205
1550.000	5.000	-2.563	0.205
1560.000	5.000	-2.563	0.203
1570.000	5.000	-2.563	0.206
1580.000	5.000	-2.563	0.203
1590.000	5.000	-2.637	0.207
1600.000	5.000	-2.710	0.207
1610.000	5.000	-2.930	0.205
1620.000	5.000	-3.149	0.206
1630.000	5.000	-3.442	0.201
1640.000	5.000	-3.589	0.202
1650.000	5.000	-3.442	0.202
1660.000	5.000	-3.369	0.201
1670.000	5.000	-3.369	0.200
1680.000	5.000	-3.369	0.201
1690.000	5.000	-3.516	0.205
1700.000	5.000	-3.735	0.202
1710.000	5.000	-3.735	0.203
1720.000	5.000	-3.735	0.205
1730.000	5.000	-3.589	0.201
1740.000	5.000	-3.735	0.205
1750.000	5.000	-4.175	0.202
1760.000	5.000	-4.248	0.206
1770.000	5.000	-4.321	0.206
1780.000	5.000	-4.395	0.206
1790.000	5.000	-4.395	0.207
1800.000	5.000	-4.541	0.202
1810.000	5.000	-4.614	0.205
1820.000	5.000	-4.687	0.202
1830.000	5.000	-4.761	0.203
1840.000	5.000	-4.980	0.200
1850.000	5.000	-4.907	0.202
1860.000	5.000	-4.907	0.200
1870.000	5.000	-5.054	0.203
1880.000	5.000	-5.273	0.202
1890.000	5.000	-5.127	0.202
1900.000	5.000	-5.200	0.203
1910.000	5.000	-5.273	0.202
1920.000	5.000	-5.713	0.205
1930.000	5.000	-5.713	0.205
1940.000	5.000	-5.493	0.207
1950.000	5.000	-5.566	0.207
1960.000	5.000	-5.566	0.207
1970.000	5.000	-5.933	0.202
1980.000	5.000	-6.006	0.202
1990.000	5.000	-6.006	0.202
2000.000	5.000	-6.299	0.202
2010.000	5.000	-6.445	0.200
2020.000	5.000	-6.445	0.200
2030.000	5.000	-6.079	0.201
2040.000	5.000	-6.519	0.202
2050.000	5.000	-6.519	0.202
2060.000	5.000	-6.592	0.202
2070.000	5.000	-6.812	0.202
2080.000	5.000	-6.812	0.202
2090.000	5.000	-6.738	0.206
2100.000	5.000	-6.592	0.208
2110.000	5.000	-6.738	0.206
2120.000	5.000	-6.885	0.205
2130.000	5.000	-7.397	0.205
2140.000	5.000	-7.397	0.205
2150.000	5.000	-7.324	0.203
2160.000	5.000	-7.324	0.198
2170.000	5.000	-7.324	0.198
2180.000	5.000	-7.324	0.200
2190.000	5.000	-7.910	0.198
2200.000	5.000	-7.910	0.198
2210.000	5.000	-7.690	0.201
2220.000	5.000	-7.764	0.205
2230.000	5.000	-7.764	0.205
2240.000	5.000	-7.617	0.205
2250.000	5.000	-8.350	0.205
2260.000	5.000	-8.350	0.205
2270.000	5.000	-8.130	0.203
2280.000	5.000	-7.983	0.206
2290.000	5.000	-8.350	0.205
2300.000	5.000	-7.983	0.207
2310.000	5.000	-8.276	0.207
2320.000	5.000	-8.643	0.203
2330.000	5.000	-8.276	0.202
2340.000	5.000	-8.423	0.202
2350.000	5.000	-8.496	0.202
2360.000	5.000	-8.276	0.202
2370.000	5.000	-8.716	0.202
2380.000	5.000	-8.716	0.201
2390.000	5.000	-8.496	0.202
2400.000	5.000	-8.716	0.203
2410.000	5.000	-8.643	0.202
2420.000	5.000	-8.789	0.202
2430.000	5.000	-9.009	0.205
2440.000	5.000	-8.862	0.205
2450.000	5.000	-9.082	0.206
2460.000	5.000	-9.009	0.206
2470.000	5.000	-9.155	0.206
2480.000	5.000	-9.302	0.205
2490.000	5.000	-9.229	0.205
2500.000	5.000	-9.375	0.203
2510.000	5.000	-9.375	0.203
2520.000	5.000	-9.521	0.200
2530.000	5.000	-9.521	0.198
2540.000	5.000	-9.595	0.202
2550.000	5.000	-9.595	0.201
2560.000	5.000	-9.814	0.200
2570.000	5.000	-9.741	0.201
2580.000	5.000	-9.668	0.203
2590.000	5.000	-10.107	0.202
2600.000	5.000	-9.888	0.206
2610.000	5.000	-10.181	0.203
2620.000	5.000	-9.961	0.205
2630.000	5.000	-10.034	0.205
2640.000	5.000	-10.327	0.203
2650.000	5.000	-10.254	0.205
2660.000	5.000	-10.474	0.207
2670.000	5.000	-10.107	0.206
2680.000	5.000	-10.620	0.205
2690.000	5.000	-10.327	0.203
2700.000	5.000	-10.840	0.202
2710.000	5.000	-10.620	0.200
2720.000	5.000	-10.620	0.202
2730.000	5.000	-10.840	0.202
2740.000	5.000	-11.060	0.201
2750.000	5.000	-10.986	0.202
2760.000	5.000	-10.693	0.202
2770.000	5.000	-11.133	0.205
2780.000	5.000	-10.986	0.203
2790.000	5.000	-11.353	0.202
2800.000	5.000	-10.913	0.203
2810.000	5.000	-11.279	0.207
2820.000	5.000	-11.353	0.206
2830.000	5.000	-11.646	0.206
2840.000	5.000	-11.133	0.207
2850.000	5.000	-11.426	0.205
2860.000	5.000	-11.646	0.206
2870.000	5.000	-11.719	0.205
2880.000	5.000	-11.572	0.205
2890.000	5.000	-11.719	0.200
2900.000	5.000	-11.938	0.200
2910.000	5.000	-11.865	0.202
2920.000	5.000	-11.792	0.201
2930.000	5.000	-11.646	0.201
2940.000	5.000	-12.012	0.201
2950.000	5.000	-12.085	0.202
2960.000	5.000	-12.012	0.203
2970.000	5.000	-12.012	0.202
2980.000	5.000	-12.524	0.202
2990.000	5.000	-12.158	0.202
3000.000	5.000	-12.231	0.206
3010.000	5.000	-12.231	0.207
3020.000	5.000	-12.671	0.206
3030.000	5.000	-12.451	0.206
3040.000	5.000	-12.671	0.205
3050.000	5.000	-12.671	0.206
3060.000	5.000	-12.891	0.205
3070.000	5.000	-12.671	0.203
3080.000	5.000	-12.598	0.203
3090.000	5.000	-13.037	0.202
3100.000	5.000	-12.964	0.202
3110.000	5.000	-13.110	0.202
3120.000	5.000	-12.964	0.202
3130.000	5.000	-13.403	0.201
3140.000	5.000	-13.110	0.200
3150.000	5.000	-13.110	0.203
3160.000	5.000	-13.403	0.205
3170.000	5.000	-13.403	0.203
3180.000	5.000	-13.550	0.203
3190.000	5.000	-13.477	0.203
3200.000	5.000	-13.696	0.206
3210.000	5.000	-13.550	0.207
3220.000	5.000	-13.623	0.206
3230.000	5.000	-13.696	0.206
3240.000	5.000	-13.696	0.206
3250.000	5.000	-13.916	0.202
3260.000	5.000	-13.843	0.202
3270.000	5.000	-13.989	0.200
3280.000	5.000	-13.989	0.201
3290.000	5.000	-13.843	0.203
3300.000	5.000	-13.989	0.200
3310.000	5.000	-14.136	0.201
3320.000	5.000	-14.136	0.200
3330.000	5.000	-14.282	0.201
3340.000	5.000	-14.355	0.203
3350.000	5.000	-14.282	0.205
3360.000	5.000	-14.429	0.206
3370.000	5.000	-14.429	0.203
3380.000	5.000	-14.502	0.206
3390.000	5.000	-14.941	0.202
3400.000	5.000	-14.648	0.207
3410.000	5.000	-14.795	0.205
3420.000	5.000	-15.088	0.203
3430.000	5.000	-14.722	0.207
3440.000	5.000	-15.088	0.205
3450.000	5.000	-14.941	0.200
3460.000	5.000	-14.941	0.200
3470.000	5.000	-15.308	0.201
3480.000	5.000	-15.015	0.201
3490.000	5.000	-15.015	0.201
3500.000	5.000	-15.454	0.202
3510.000	5.000	-15.308	0.202
3520.000	5.000	-15.308	0.202
3530.000	5.000	-15.601	0.202
3540.000	5.000	-15.381	0.205
3550.000	5.000	-15.381	0.205
3560.000	5.000	-15.747	0.203
3570.000	5.000	-15.674	0.207
3580.000	5.000	-15.674	0.207
3590.000	5.000	-15.894	0.206
3600.000	5.000	-15.674	0.205
3610.000	5.000	-15.674	0.205
3620.000	5.000	-16.040	0.208
3630.000	5.000	-15.894	0.203
3640.000	5.000	-15.894	0.203
3650.000	5.000	-16.187	0.205
3660.000	5.000	-16.040	0.198
3670.000	5.000	-16.040	0.198
3680.000	5.000	-16.333	0.202
3690.000	5.000	-16.333	0.201
3700.000	5.000	-16.626	0.201
3710.000	5.000	-16.626	0.201
3720.000	5.000	-16.553	0.202
3730.000	5.000	-16.553	0.202
3740.000	5.000	-16.992	0.203
3750.000	5.000	-16.772	0.202
3760.000	5.000	-16.772	0.205
3770.000	5.000	-17.212	0.206
3780.000	5.000	-16.992	0.205
3790.000	5.000	-16.919	0.208
3800.000	5.000	-17.139	0.206
3810.000	5.000	-17.212	0.207
3820.000	5.000	-17.212	0.206
3830.000	5.000	-17.065	0.205
3840.000	5.000	-17.212	0.203
3850.000	5.000	-17.651	0.207
3860.000	5.000	-17.285	0.203
3870.000	5.000	-17.139	0.201
3880.000	5.000	-17.651	0.200
3890.000	5.000	-17.651	0.201
3900.000	5.000	-17.651	0.200
3910.000	5.000	-17.578	0.201
3920.000	5.000	-17.651	0.202
3930.000	5.000	-18.018	0.203
3940.000	5.000	-17.651	0.202
3950.000	5.000	-17.578	0.203
3960.000	5.000	-18.018	0.203
3970.000	5.000	-18.091	0.206
3980.000	5.000	-18.018	0.205
3990.000	5.000	-17.798	0.206
4000.000	5.000	-17.944	0.206
4010.000	5.000	-18.311	0.205
4020.000	5.000	-18.237	0.206
4030.000	5.000	-18.237	0.206
4040.000	5.000	-18.237	0.203
4050.000	5.000	-18.384	0.202
4060.000	5.000	-18.530	0.200
4070.000	5.000	-18.457	0.200
4080.000	5.000	-18.530	0.202
4090.000	5.000	-18.750	0.202
4100.000	5.000	-18.677	0.201
4110.000	5.000	-18.750	0.200
4120.000	5.000	-18.896	0.200
4130.000	5.000	-18.823	0.202
4140.000	5.000	-18.970	0.202
4150.000	5.000	-19.043	0.205
4160.000	5.000	-18.970	0.203
4170.000	5.000	-19.043	0.202
4180.000	5.000	-19.189	0.205
4190.000	5.000	-19.116	0.206
4200.000	5.000	-19.189	0.205
4210.000	5.000	-19.189	0.205
4220.000	5.000	-19.189	0.206
4230.000	5.000	-19.336	0.206
4240.000	5.000	-19.629	0.205
4250.000	5.000	-19.629	0.202
4260.000	5.000	-19.336	0.202
4270.000	5.000	-19.629	0.202
4280.000	5.000	-19.482	0.201
4290.000	5.000	-19.849	0.203
4300.000	5.000	-20.068	0.201
4310.000	5.000	-19.849	0.200
4320.000	5.000	-20.068	0.200
4330.000	5.000	-19.849	0.200
4340.000	5.000	-19.922	0.203
4350.000	5.000	-19.995	0.201
4360.000	5.000	-20.361	0.206
4370.000	5.000	-20.361	0.205
4380.000	5.000	-20.361	0.206
4390.000	5.000	-20.581	0.206
4400.000	5.000	-20.142	0.203
4410.000	5.000	-20.361	0.206
4420.000	5.000	-20.361	0.205
4430.000	5.000	-20.654	0.205
4440.000	5.000	-20.728	0.205
4450.000	5.000	-20.728	0.206
4460.000	5.000	-20.801	0.203
4470.000	5.000	-20.728	0.205
4480.000	5.000	-21.094	0.200
4490.000	5.000	-20.581	0.202
4500.000	5.000	-21.021	0.200
4510.000	5.000	-21.094	0.200
4520.000	5.000	-21.094	0.201
4530.000	5.000	-21.094	0.201
4540.000	5.000	-21.167	0.200
4550.000	5.000	-21.240	0.202
4560.000	5.000	-21.240	0.202
4570.000	5.000	-21.533	0.203
4580.000	5.000	-21.167	0.205
4590.000	5.000	-21.680	0.201
4600.000	5.000	-21.680	0.205
4610.000	5.000	-21.899	0.203
4620.000	5.000	-21.606	0.208
4630.000	5.000	-21.753	0.207
4640.000	5.000	-21.606	0.206
4650.000	5.000	-21.753	0.206
4660.000	5.000	-21.826	0.207
4670.000	5.000	-21.680	0.203
4680.000	5.000	-21.899	0.203
4690.000	5.000	-21.899	0.200
4700.000	5.000	-21.973	0.203
4710.000	5.000	-22.266	0.198
4720.000	5.000	-22.266	0.198
4730.000	5.000	-22.266	0.201
4740.000	5.000	-22.339	0.201
4750.000	5.000	-22.339	0.201
4760.000	5.000	-22.559	0.202
4770.000	5.000	-22.705	0.202
4780.000	5.000	-22.705	0.202
4790.000	5.000	-22.559	0.206
4800.000	5.000	-22.778	0.202
4810.000	5.000	-22.778	0.202
4820.000	5.000	-22.925	0.206
4830.000	5.000	-22.778	0.207
4840.000	5.000	-22.778	0.207
4850.000	5.000	-22.852	0.207
4860.000	5.000	-22.998	0.207
4870.000	5.000	-22.998	0.207
4880.000	5.000	-22.998	0.205
4890.000	5.000	-22.925	0.203
4900.000	5.000	-23.145	0.205
4910.000	5.000	-22.998	0.206
4920.000	5.000	-22.998	0.201
4930.000	5.000	-23.291	0.202
4940.000	5.000	-23.364	0.202
4950.000	5.000	-23.218	0.203
4960.000	5.000	-23.218	0.198
4970.000	5.000	-23.364	0.201
4980.000	5.000	-23.511	0.201
4990.000	5.000	-23.730	0.202
5000.000	5.000	-23.584	0.203
5010.000	5.000	-23.730	0.203
5020.000	5.000	-23.877	0.202
5030.000	5.000	-23.730	0.202
5040.000	5.000	-23.730	0.202
5050.000	5.000	-24.170	0.207
5060.000	5.000	-24.097	0.206
5070.000	5.000	-24.023	0.202
5080.000	5.000	-24.023	0.205
5090.000	5.000	-24.097	0.207
5100.000	5.000	-24.170	0.207
5110.000	5.000	-24.316	0.206
5120.000	5.000	-24.170	0.206
5130.000	5.000	-24.390	0.202
5140.000	5.000	-24.463	0.205
5150.000	5.000	-24.316	0.200
5160.000	5.000	-24.316	0.200
5170.000	5.000	-24.902	0.201
5180.000	5.000	-24.609	0.201
5190.000	5.000	-24.976	0.202
5200.000	5.000	-24.976	0.202
5210.000	5.000	-25.342	0.200
5220.000	5.000	-25.195	0.205
5230.000	5.000	-25.415	0.206
5240.000	5.000	-25.269	0.203
5250.000	5.000	-25.562	0.205
5260.000	5.000	-25.635	0.201
5270.000	5.000	-25.342	0.203
5280.000	5.000	-25.854	0.206
5290.000	5.000	-25.562	0.206
5300.000	5.000	-25.854	0.207
5310.000	5.000	-25.635	0.206
5320.000	5.000	-26.147	0.206
5330.000	5.000	-25.854	0.206
5340.000	5.000	-26.074	0.208
5350.000	5.000	-26.147	0.207
5360.000	5.000	-26.147	0.203
5370.000	5.000	-26.514	0.201
5380.000	5.000	-26.440	0.202
5390.000	5.000	-26.807	0.200
5400.000	5.000	-26.440	0.202
5410.000	5.000	-26.587	0.202
5420.000	5.000	-26.440	0.200
5430.000	5.000	-26.660	0.201
5440.000	5.000	-27.173	0.202
5450.000	5.000	-27.026	0.202
5460.000	5.000	-27.246	0.202
5470.000	5.000	-26.953	0.205
5480.000	5.000	-26.880	0.202
5490.000	5.000	-27.026	0.205
5500.000	5.000	-27.319	0.207
5510.000	5.000	-27.539	0.206
5520.000	5.000	-27.466	0.205
5530.000	5.000	-27.612	0.207
5540.000	5.000	-27.173	0.205
5550.000	5.000	-27.393	0.206
5560.000	5.000	-27.832	0.208
5570.000	5.000	-27.832	0.206
5580.000	5.000	-27.905	0.207
5590.000	5.000	-27.832	0.206
5600.000	5.000	-27.759	0.202
5610.000	5.000	-27.979	0.205
5620.000	5.000	-28.125	0.203
5630.000	5.000	-28.198	0.200
5640.000	5.000	-28.271	0.201
5650.000	5.000	-28.345	0.196
5660.000	5.000	-28.198	0.202
5670.000	5.000	-28.271	0.202
5680.000	5.000	-28.418	0.200
5690.000	5.000	-28.638	0.200
5700.000	5.000	-28.638	0.202
5710.000	5.000	-28.638	0.202
5720.000	5.000	-28.564	0.205
5730.000	5.000	-28.638	0.206
5740.000	5.000	-29.004	0.203
5750.000	5.000	-28.857	0.207
5760.000	5.000	-28.711	0.206
5770.000	5.000	-29.077	0.205
5780.000	5.000	-29.150	0.206
5790.000	5.000	-29.077	0.203
5800.000	5.000	-29.150	0.207
5810.000	5.000	-28.931	0.203
5820.000	5.000	-29.517	0.206
5830.000	5.000	-29.443	0.202
5840.000	5.000	-29.150	0.202
5850.000	5.000	-29.590	0.202
5860.000	5.000	-29.590	0.203
5870.000	5.000	-29.517	0.202
5880.000	5.000	-29.517	0.203
5890.000	5.000	-29.663	0.202
5900.000	5.000	-29.883	0.203
5910.000	5.000	-29.956	0.202
5920.000	5.000	-29.590	0.200
5930.000	5.000	-30.029	0.203
5940.000	5.000	-30.029	0.202
5950.000	5.000	-29.956	0.205
5960.000	5.000	-30.176	0.203
5970.000	5.000	-30.176	0.202
5980.000	5.000	-30.249	0.205
5990.000	5.000	-30.176	0.200
6000.000	5.000	-30.249	0.205
6010.000	5.000	-30.469	0.203
6020.000	5.000	-30.469	0.201
6030.000	5.000	-30.396	0.203
6040.000	5.000	-30.688	0.203
6050.000	5.000	-30.469	0.177
6060.000	5.000	-30.469	0.130
6070.000	5.000	-30.762	0.096
6080.000	5.000	-30.615	0.073
6090.000	5.000	-30.688	0.057
6100.000	5.000	-30.835	0.041
6110.000	5.000	-30.469	0.032
6120.000	5.000	-30.542	0.028
6130.000	5.000	-30.835	0.021
6140.000	5.000	-30.469	0.018
6150.000	5.000	-30.542	0.017
6160.000	5.000	-30.322	0.009
6170.000	5.000	-30.396	0.010
6180.000	5.000	-30.542	0.009
6190.000	5.000	-30.176	0.009
6200.000	5.000	-30.322	0.001
6210.000	5.000	-30.322	0.009
6220.000	5.000	-30.322	0.009
6230.000	5.000	-29.956	0.007
6240.000	5.000	-30.176	0.004
6250.000	5.000	-30.176	0.004
6260.000	5.000	-29.736	0.004
6270.000	5.000	-30.029	0.004
6280.000	5.000	-30.029	0.004
6290.000	5.000	-29.663	0.004
6300.000	5.000	-29.883	0.004
6310.000	5.000	-29.883	0.004
6320.000	5.000	-29.883	0.003
6330.000	5.000	-29.663	0.006
6340.000	5.000	-29.663	0.006
6350.000	5.000	-29.810	0.007
6360.000	5.000	-29.224	0.007
6370.000	5.000	-29.224	0.007
6380.000	5.000	-29.736	0.008
6390.000	5.000	-29.297	0.007
6400.000	5.000	-29.297	0.007
6410.000	5.000	-29.297	0.006
6420.000	5.000	-29.517	0.007
6430.000	5.000	-29.517	0.007
6440.000	5.000	-29.224	0.008
6450.000	5.000	-29.370	0.006
6460.000	5.000	-29.370	0.006
6470.000	5.000	-29.297	0.007
6480.000	5.000	-28.931	0.004
6490.000	5.000	-28.931	0.004
6500.000	5.000	-28.931	0.006
6510.000	5.000	-28.931	0.003
6520.000	5.000	-28.931	0.003
6530.000	5.000	-28.711	0.003
6540.000	5.000	-28.857	0.003
6550.000	5.000	-28.857	0.007
6560.000	5.000	-28.711	0.006
6570.000	5.000	-28.638	0.006
6580.000	5.000	-28.638	0.004
6590.000	5.000	-28.784	0.006
6600.000	5.000	-28.784	0.004
6610.000	5.000	-28.491	0.004
6620.000	5.000	-28.491	0.004
6630.000	5.000	-28.345	0.007
6640.000	5.000	-28.711	0.008
6650.000	5.000	-28.491	0.008
6660.000	5.000	-28.345	0.007
6670.000	5.000	-28.345	0.008
6680.000	5.000	-28.125	0.009
6690.000	5.000	-28.198	0.008
6700.000	5.000	-28.198	0.008
6710.000	5.000	-28.125	0.008
6720.000	5.000	-28.052	0.006
6730.000	5.000	-28.198	0.004
6740.000	5.000	-27.832	0.003
6750.000	5.000	-27.905	0.004
6760.000	5.000	-27.905	0.003
6770.000	5.000	-27.832	0.006
6780.000	5.000	-27.832	0.003
6790.000	5.000	-27.759	0.006
6800.000	5.000	-27.539	0.003
6810.000	5.000	-27.759	0.003
6820.000	5.000	-27.686	0.004
6830.000	5.000	-27.539	0.002
6840.000	5.000	-27.319	0.004
6850.000	5.000	-27.393	0.006
6860.000	5.000	-27.319	0.004
6870.000	5.000	-27.393	0.007
6880.000	5.000	-27.539	0.003
6890.000	5.000	-27.173	0.006
6900.000	5.000	-26.807	0.008
6910.000	5.000	-26.807	0.008
6920.000	5.000	-26.953	0.006
6930.000	5.000	-27.100	0.008
6940.000	5.000	-27.100	0.006
6950.000	5.000	-27.173	0.010
6960.000	5.000	-26.807	0.008
6970.000	5.000	-26.807	0.007
6980.000	5.000	-26.514	0.007
6990.000	5.000	-26.660	0.008
7000.000	5.000	-26.953	0.008
7010.000	5.000	-26.733	0.004
7020.000	5.000	-26.953	0.006
