%Time (s)	Theta (rad)	Omega (rad/s)
	%3/4/20191:18 PM
0.1000	0.0000	-0.0105
0.2000	0.0000	0.0628
0.3000	0.0126	0.1257
0.4000	0.0251	0.1676
0.5000	0.0503	0.3770
0.6000	0.1005	0.5655
0.7000	0.1634	0.7435
0.8000	0.2513	1.0158
0.9000	0.3644	1.2043
1.0000	0.4901	1.3195
1.1000	0.6283	1.4347
1.2000	0.7791	1.6232
1.3000	0.9550	1.8954
1.4000	1.1561	2.0735
1.5000	1.3697	2.2619
1.6000	1.6085	2.4609
1.7000	1.8598	2.5656
1.8000	2.1237	2.7646
1.9000	2.4127	2.9740
2.0000	2.7143	2.9950
2.1000	3.0159	3.2044
2.2000	3.3552	3.4034
2.3000	3.6945	3.5081
2.4000	4.0589	3.7176
2.5000	4.4359	3.8118
2.6000	4.8255	4.0945
2.7000	5.2527	4.2935
2.8000	5.6800	4.3563
2.9000	6.1198	4.2516
3.0000	6.5345	3.9689
3.1000	6.9869	6.9010
3.2000	7.8540	7.3932
3.3000	8.3943	5.0475
3.4000	8.9221	5.2779
3.5000	9.4750	6.3146
3.6000	10.1662	6.5869
3.7000	10.7694	5.9376
3.8000	11.3726	6.1366
3.9000	12.0009	6.4193
4.0000	12.6543	6.6183
4.1000	13.3204	6.6288
4.2000	13.9864	6.9324
4.3000	14.7027	7.0581
4.4000	15.3938	7.2047
4.5000	16.1101	6.3041
4.6000	16.6002	3.3406
4.7000	16.7887	0.8063
4.8000	16.8138	0.1990
4.9000	16.8515	0.2618
5.0000	16.8641	0.1152
5.1000	16.8766	0.0628
5.2000	16.8766	-0.0105
