%Time (s)	Theta (rad)	Omega (rad/s)
	%3/4/20191:17 PM
0.1000	0.0000	-0.0105
0.2000	0.0000	0.0524
0.3000	0.0126	0.1885
0.4000	0.0377	0.3142
0.5000	0.0754	0.4294
0.6000	0.1257	0.6178
0.7000	0.2011	0.8901
0.8000	0.3016	1.0681
0.9000	0.4147	1.2671
1.0000	0.5529	1.3928
1.1000	0.6912	1.4137
1.2000	0.8419	1.6860
1.3000	1.0304	2.0316
1.4000	1.2441	2.2096
1.5000	1.4703	2.3143
1.6000	1.7090	2.5133
1.7000	1.9729	2.7122
1.8000	2.2494	2.8274
1.9000	2.5384	2.9426
2.0000	2.8400	3.2358
2.1000	3.1667	2.6913
2.2000	3.3929	2.7227
2.3000	3.7322	3.5919
2.4000	4.0966	3.7909
2.5000	4.4862	3.3406
2.6000	4.8758	7.8854
2.7000	5.9565	8.1681
2.8000	6.3963	3.9165
2.9000	6.8487	4.5972
3.0000	7.3136	4.6286
3.1000	7.7786	4.8276
3.2000	8.2812	5.0999
3.3000	8.7965	5.2674
3.4000	9.3368	5.5501
3.5000	9.9023	5.6444
3.6000	10.4678	5.8329
3.7000	11.0710	6.1156
3.8000	11.6867	6.1994
3.9000	12.3150	6.4822
4.0000	12.9811	6.6811
4.1000	13.6471	6.6916
4.2000	14.3257	6.9953
4.3000	15.0419	7.2571
4.4000	15.7457	6.4926
4.5000	16.2986	4.2621
4.6000	16.5876	1.6546
4.7000	16.6630	0.2513
4.8000	16.6756	0.1466
4.9000	16.7007	0.2094
5.0000	16.7133	0.0524
