%Time (s)	Theta (rad)	Omega (rad/s)
	%3/4/20191:22 PM
0.1000	0.0000	-0.0105
0.2000	0.0000	0.0733
0.3000	0.0126	0.0733
0.4000	0.0126	-0.0105
0.5000	0.0126	-0.0105
0.6000	0.0126	0.0733
0.7000	0.0251	0.0733
0.8000	0.0251	-0.0105
0.9000	0.0251	0.0000
1.0000	0.0251	0.0000
1.1000	0.0251	0.0000
1.2000	0.0251	0.0000
1.3000	0.0251	0.0000
1.4000	0.0251	0.0000
1.5000	0.0251	-0.0105
1.6000	0.0251	0.0419
1.7000	0.0377	0.2618
1.8000	0.0754	0.3875
1.9000	0.1131	0.4189
2.0000	0.1634	0.6074
2.1000	0.2388	0.9425
2.2000	0.3519	1.2566
2.3000	0.4901	1.5394
2.4000	0.6660	2.0839
2.5000	0.9048	2.5028
2.6000	1.1687	2.9845
2.7000	1.5080	3.7280
2.8000	1.9101	4.2621
2.9000	2.3625	4.9114
3.0000	2.8903	5.5292
3.1000	3.4558	5.7177
3.2000	4.0212	5.4978
3.3000	4.5490	5.0999
3.4000	5.0391	4.6286
3.5000	5.4789	4.2935
3.6000	5.9062	4.2516
3.7000	6.3335	4.2935
3.8000	6.7733	4.6181
3.9000	7.2634	5.1208
4.0000	7.8037	5.8119
4.1000	8.4320	6.7440
4.2000	9.1483	7.5712
4.3000	9.9274	7.7702
4.4000	10.6814	7.2361
4.5000	11.3726	6.6916
4.6000	12.0260	6.3774
4.7000	12.6543	6.1994
4.8000	13.2827	6.5659
4.9000	13.9864	7.6550
5.0000	14.8032	8.6708
5.1000	15.6326	6.5240
5.2000	16.0473	2.0630
5.3000	16.1101	0.2199
5.4000	16.1478	0.3037
5.5000	16.1729	0.1780
5.6000	16.1855	0.1257
5.7000	16.1981	0.0628
5.8000	16.1981	-0.0209
5.9000	16.1981	0.0628
6.0000	16.2106	0.1257
6.1000	16.2232	0.1885
6.2000	16.2483	0.2723
