%Time (s)	Theta (rad)	Omega (rad/s)
	%3/4/20191:21 PM
0.1000	0.0000	-0.0105
0.2000	0.0000	0.0733
0.3000	0.0126	0.0419
0.4000	0.0126	0.1571
0.5000	0.0503	0.5236
0.6000	0.1131	0.6807
0.7000	0.1885	0.9215
0.8000	0.3016	1.3195
0.9000	0.4524	1.6965
1.0000	0.6409	2.0630
1.1000	0.8671	2.4923
1.2000	1.1435	3.0578
1.3000	1.4828	3.7699
1.4000	1.8975	4.4715
1.5000	2.3750	5.1208
1.6000	2.9154	5.5920
1.7000	3.4809	5.6339
1.8000	4.0338	5.4350
1.9000	4.5616	5.0370
2.0000	5.0391	4.5553
2.1000	5.4789	4.3040
2.2000	5.9062	4.2516
2.3000	6.3335	4.5239
2.4000	6.7733	4.7206
2.5000	6.9869	5.0080
2.6000	7.3890	5.3721
2.7000	8.0425	7.0791
2.8000	8.7713	7.6341
2.9000	9.5504	7.6864
3.0000	10.2919	7.1838
3.1000	10.9830	6.5555
3.2000	11.6113	6.2204
3.3000	12.2396	6.2727
3.4000	12.8805	6.7858
3.5000	13.6094	7.7702
3.6000	14.4262	8.7022
3.7000	15.2807	7.2571
3.8000	15.8085	3.1835
3.9000	15.9593	0.7854
4.0000	16.0347	0.9111
4.1000	16.1478	1.0053
4.2000	16.2232	0.5550
4.3000	16.2609	0.2094
4.4000	16.2735	0.1676
4.5000	16.2986	0.2618
