%Time [ms]	Speed [rpm]	%3/20/20191:42 PM
0.000	0.000
10.000	127.300
20.000	127.373
30.000	128.079
40.000	126.793
50.000	126.247
60.000	127.110
70.000	127.183
80.000	127.256
90.000	127.856
100.000	126.440
110.000	126.659
120.000	126.586
130.000	126.147
140.000	125.294
150.000	126.182
160.000	123.708
170.000	122.317
180.000	119.973
190.000	117.336
200.000	113.381
210.000	110.386
220.000	105.459
230.000	100.479
240.000	96.513
250.000	89.433
260.000	83.214
270.000	77.046
280.000	70.600
290.000	64.008
300.000	57.710
310.000	50.451
320.000	44.525
330.000	38.437
340.000	31.683
350.000	26.776
360.000	22.594
370.000	18.289
380.000	14.993
390.000	12.747
400.000	10.916
410.000	9.598
420.000	8.805
430.000	8.081
440.000	8.148
450.000	8.091
460.000	7.871
470.000	8.310
480.000	8.237
490.000	7.920
500.000	8.259
510.000	8.129
520.000	8.495
530.000	8.495
540.000	8.356
550.000	8.266
560.000	8.472
570.000	8.188
580.000	8.627
590.000	8.700
600.000	8.361
610.000	8.418
620.000	8.271
630.000	8.214
640.000	8.654
650.000	8.507
660.000	8.301
670.000	8.439
680.000	8.006
690.000	8.250
700.000	8.543
710.000	8.250
720.000	8.324
730.000	8.307
740.000	7.941
750.000	8.503
760.000	8.576
770.000	8.283
780.000	8.569
790.000	8.325
800.000	8.172
810.000	8.652
820.000	8.506
830.000	8.359
840.000	8.579
850.000	8.091
860.000	8.290
870.000	8.526
880.000	8.160
890.000	8.233
900.000	8.313
910.000	7.833
920.000	8.126
930.000	8.199
940.000	7.833
950.000	7.833
960.000	7.878
970.000	7.715
980.000	8.081
990.000	8.008
1000.000	7.715
1010.000	7.722
1020.000	7.648
1030.000	7.575
1040.000	7.795
1050.000	7.941
1060.000	7.624
1070.000	7.557
1080.000	7.582
1090.000	7.508
1100.000	7.801
1110.000	8.088
1120.000	7.741
1130.000	7.904
1140.000	7.977
1150.000	7.977
1160.000	7.977
10.000	8.191
20.000	7.946
30.000	7.946
40.000	7.946
50.000	8.146
60.000	8.146
70.000	8.057
80.000	7.764
90.000	7.764
100.000	7.764
110.000	7.837
120.000	7.837
130.000	7.983
140.000	7.690
150.000	7.690
160.000	7.617
170.000	7.764
180.000	7.764
190.000	8.057
200.000	7.764
210.000	7.764
220.000	7.764
230.000	7.690
240.000	7.690
250.000	7.910
260.000	7.617
270.000	7.617
280.000	7.690
290.000	7.690
300.000	7.690
310.000	7.983
320.000	7.764
330.000	7.764
340.000	7.837
350.000	7.764
360.000	7.764
370.000	8.057
380.000	7.690
390.000	7.690
400.000	7.764
410.000	7.544
420.000	7.617
430.000	8.016
440.000	7.796
450.000	7.670
460.000	7.841
470.000	7.548
480.000	7.621
490.000	8.020
500.000	7.740
510.000	7.594
520.000	7.919
530.000	7.594
540.000	7.600
550.000	8.207
560.000	7.816
570.000	7.690
580.000	7.934
590.000	7.608
600.000	7.675
610.000	8.147
620.000	7.821
630.000	7.622
640.000	7.851
650.000	7.517
660.000	7.597
670.000	8.122
680.000	7.952
690.000	7.752
700.000	7.900
710.000	7.648
720.000	7.581
730.000	8.106
740.000	8.017
750.000	7.724
760.000	7.864
770.000	7.685
780.000	7.478
790.000	8.085
800.000	8.003
810.000	7.767
820.000	7.834
830.000	7.655
840.000	7.515
850.000	7.898
860.000	7.971
870.000	7.678
880.000	7.811
890.000	7.624
900.000	7.557
910.000	7.964
920.000	8.111
930.000	7.818
940.000	7.811
950.000	7.795
960.000	7.582
970.000	7.891
980.000	8.111
990.000	7.744
1000.000	7.738
1010.000	7.713
1020.000	7.500
1030.000	7.891
1040.000	8.111
1050.000	7.818
1060.000	7.884
1070.000	7.868
1080.000	7.582
1090.000	7.810
1100.000	8.103
1110.000	7.810
1120.000	7.803
1130.000	7.778
1140.000	7.565
1150.000	7.875
1160.000	8.094
1170.000	7.801
1180.000	7.868
1190.000	7.933
1200.000	7.647
1210.000	7.801
1220.000	8.168
1230.000	7.801
1240.000	7.795
1250.000	7.852
1260.000	7.565
1270.000	7.956
1280.000	8.176
1290.000	7.883
1300.000	7.949
1310.000	8.014
1320.000	7.655
1330.000	7.964
1340.000	8.257
1350.000	7.891
1360.000	7.958
1370.000	7.933
1380.000	7.647
1390.000	8.119
1400.000	8.192
1410.000	7.899
1420.000	7.966
1430.000	7.949
1440.000	7.663
1450.000	8.135
1460.000	8.208
1470.000	7.915
1480.000	8.128
1490.000	7.876
1500.000	7.803
1510.000	8.356
1520.000	8.283
1530.000	8.063
1540.000	8.276
10.000	7.951
20.000	7.878
30.000	8.358
40.000	8.138
50.000	7.932
60.000	8.257
70.000	7.850
80.000	7.990
90.000	8.470
100.000	8.177
110.000	8.104
120.000	8.324
130.000	7.917
140.000	8.057
150.000	8.515
160.000	8.043
170.000	8.043
180.000	8.196
190.000	7.790
200.000	8.156
210.000	8.302
220.000	7.936
230.000	7.936
240.000	8.114
250.000	7.715
260.000	8.081
270.000	8.154
280.000	7.861
290.000	7.861
300.000	7.886
310.000	7.812
320.000	8.252
330.000	8.252
340.000	7.861
350.000	8.068
360.000	8.011
370.000	7.864
380.000	8.230
390.000	8.230
400.000	7.913
410.000	8.113
420.000	7.820
430.000	7.820
440.000	8.373
450.000	8.167
460.000	7.931
470.000	8.224
480.000	7.931
490.000	7.931
500.000	8.270
510.000	7.989
520.000	7.989
530.000	8.282
540.000	7.802
550.000	8.095
560.000	8.235
570.000	7.934
580.000	8.007
590.000	8.154
600.000	7.887
610.000	8.188
620.000	8.255
630.000	7.881
640.000	8.100
650.000	8.027
660.000	7.887
670.000	8.335
680.000	8.195
690.000	7.902
700.000	8.146
710.000	7.926
720.000	7.860
730.000	8.014
740.000	8.014
750.000	7.795
760.000	7.722
770.000	7.722
780.000	7.788
790.000	7.910
800.000	7.910
810.000	7.837
820.000	7.983
830.000	7.624
840.000	7.697
850.000	8.063
860.000	7.844
870.000	7.697
880.000	7.917
890.000	7.624
900.000	7.778
910.000	8.071
920.000	7.852
930.000	7.772
940.000	7.918
950.000	7.625
960.000	7.625
970.000	8.065
980.000	7.772
990.000	7.625
1000.000	7.764
1010.000	7.544
1020.000	7.699
1030.000	8.138
1040.000	7.918
1050.000	7.699
1060.000	7.845
1070.000	7.552
1080.000	7.625
1090.000	7.992
1100.000	7.772
1110.000	7.625
1120.000	7.617
1130.000	7.324
1140.000	7.397
1150.000	7.837
1160.000	7.764
1170.000	7.544
1180.000	7.544
1190.000	7.391
1200.000	7.309
1210.000	7.456
1220.000	7.708
1230.000	7.562
1240.000	7.415
1250.000	7.329
1260.000	7.255
1270.000	7.475
1280.000	7.768
1290.000	7.555
1300.000	7.417
1310.000	7.483
1320.000	7.239
1330.000	7.312
1340.000	7.605
1350.000	7.472
1360.000	7.326
1370.000	7.193
1380.000	7.144
1390.000	7.217
1400.000	7.363
1410.000	7.517
1420.000	7.289
1430.000	7.162
1440.000	7.097
1450.000	7.031
1460.000	7.096
1470.000	7.229
1480.000	7.131
1490.000	7.005
1500.000	6.915
1510.000	6.769
1520.000	6.915
1530.000	6.968
1540.000	7.033
1550.000	7.100
1560.000	6.962
1570.000	6.742
1580.000	6.742
1590.000	6.868
1600.000	6.958
1610.000	6.958
1620.000	6.885
1630.000	6.519
1640.000	6.519
1650.000	6.665
1660.000	6.812
1670.000	6.812
1680.000	6.885
1690.000	6.738
1700.000	6.738
1710.000	6.372
1720.000	6.592
1730.000	6.592
1740.000	6.592
1750.000	6.592
1760.000	6.592
1770.000	6.445
1780.000	6.226
1790.000	6.226
1800.000	6.445
1810.000	6.445
1820.000	6.312
1830.000	6.532
1840.000	6.516
1850.000	6.223
1860.000	6.003
1870.000	6.296
1880.000	6.316
1890.000	6.153
1900.000	6.080
1910.000	6.373
1920.000	6.213
1930.000	5.847
1940.000	5.810
1950.000	6.184
1960.000	6.257
1970.000	6.038
1980.000	6.311
1990.000	6.400
2000.000	6.141
2010.000	5.823
2020.000	6.043
2030.000	6.189
2040.000	6.096
2050.000	5.868
2060.000	5.948
2070.000	6.095
2080.000	5.728
2090.000	5.469
2100.000	5.720
2110.000	5.891
2120.000	5.698
2130.000	5.609
2140.000	5.828
2150.000	5.908
2160.000	5.731
2170.000	5.364
2180.000	5.391
2190.000	5.643
2200.000	5.578
2210.000	5.318
2220.000	5.340
2230.000	5.430
2240.000	5.370
2250.000	5.111
2260.000	4.989
2270.000	5.022
2280.000	5.069
2290.000	5.069
2300.000	4.882
2310.000	4.971
2320.000	4.995
2330.000	5.002
2340.000	4.842
2350.000	4.842
2360.000	4.809
2370.000	4.776
2380.000	4.833
2390.000	4.648
2400.000	4.736
2410.000	4.614
2420.000	4.614
2430.000	4.534
2440.000	4.608
2450.000	4.600
2460.000	4.593
2470.000	4.593
2480.000	4.463
2490.000	4.509
2500.000	4.460
2510.000	4.534
2520.000	4.387
2530.000	4.314
2540.000	4.387
2550.000	4.427
2560.000	4.395
2570.000	4.295
2580.000	4.181
2590.000	4.034
2600.000	4.107
2610.000	4.107
2620.000	4.107
2630.000	3.888
2640.000	3.668
2650.000	3.741
2660.000	3.914
2670.000	4.055
2680.000	4.096
2690.000	3.949
2700.000	3.729
2710.000	3.729
2720.000	3.729
2730.000	3.876
2740.000	3.656
2750.000	3.656
2760.000	3.556
2770.000	3.589
2780.000	3.589
2790.000	3.882
2800.000	3.809
2810.000	3.809
2820.000	3.589
2830.000	3.369
2840.000	3.369
2850.000	3.369
2860.000	3.369
2870.000	3.369
2880.000	3.223
2890.000	2.930
2900.000	2.930
2910.000	2.930
2920.000	3.076
2930.000	3.076
2940.000	3.223
2950.000	3.076
2960.000	3.076
2970.000	2.930
2980.000	2.783
2990.000	2.783
3000.000	2.710
3010.000	2.710
3020.000	2.710
3030.000	2.710
3040.000	2.490
3050.000	2.490
3060.000	2.490
3070.000	2.563
3080.000	2.563
3090.000	2.563
3100.000	2.710
3110.000	2.710
3120.000	2.710
3130.000	2.637
3140.000	2.617
3150.000	2.487
3160.000	2.413
3170.000	2.340
3180.000	2.340
3190.000	2.267
3200.000	2.174
3210.000	1.970
3220.000	1.897
3230.000	1.917
3240.000	1.917
3250.000	1.974
3260.000	1.974
3270.000	1.974
3280.000	1.901
3290.000	1.901
3300.000	1.847
3310.000	1.831
3320.000	1.744
3330.000	1.614
3340.000	1.541
3350.000	1.541
3360.000	1.541
3370.000	1.541
3380.000	1.541
3390.000	1.541
3400.000	1.541
3410.000	1.528
3420.000	1.476
3430.000	1.386
3440.000	1.307
3450.000	1.233
3460.000	1.014
3470.000	0.934
3480.000	0.860
3490.000	0.714
3500.000	0.634
3510.000	0.501
3520.000	0.493
3530.000	0.419
3540.000	0.426
3550.000	0.353
3560.000	0.353
3570.000	0.286
3580.000	0.213
3590.000	0.213
3600.000	0.146
3610.000	0.146
3620.000	0.073
3630.000	0.073
3640.000	-0.000
3650.000	-0.000
3660.000	-0.000
3670.000	-0.073
3680.000	-0.073
3690.000	-0.155
3700.000	-0.228
3710.000	-0.228
3720.000	-0.301
3730.000	-0.374
3740.000	-0.374
3750.000	-0.537
3760.000	-0.537
3770.000	-0.537
3780.000	-0.684
3790.000	-0.675
3800.000	-0.669
3810.000	-0.832
3820.000	-0.905
3830.000	-1.051
3840.000	-1.125
3850.000	-1.181
3860.000	-1.248
3870.000	-1.338
3880.000	-1.338
3890.000	-1.338
3900.000	-1.417
3910.000	-1.328
3920.000	-1.315
3930.000	-1.176
3940.000	-1.250
3950.000	-1.176
3960.000	-1.183
3970.000	-1.167
3980.000	-1.167
3990.000	-1.240
4000.000	-1.240
4010.000	-1.386
4020.000	-1.473
4030.000	-1.538
4040.000	-1.458
4050.000	-1.474
4060.000	-1.548
4070.000	-1.548
4080.000	-1.474
4090.000	-1.401
4100.000	-1.401
4110.000	-1.255
4120.000	-1.181
4130.000	-1.168
4140.000	-1.264
4150.000	-1.248
4160.000	-1.248
4170.000	-1.321
4180.000	-1.468
4190.000	-1.594
4200.000	-1.611
4210.000	-1.684
4220.000	-1.684
4230.000	-1.697
4240.000	-1.681
4250.000	-1.668
4260.000	-1.602
4270.000	-1.529
4280.000	-1.383
4290.000	-1.329
4300.000	-1.313
4310.000	-1.300
4320.000	-1.316
4330.000	-1.316
4340.000	-1.389
4350.000	-1.403
4360.000	-1.468
4370.000	-1.388
4380.000	-1.477
4390.000	-1.404
4400.000	-1.331
4410.000	-1.344
4420.000	-1.255
4430.000	-1.181
4440.000	-1.035
4450.000	-0.962
4460.000	-0.948
4470.000	-0.955
4480.000	-0.874
4490.000	-0.934
4500.000	-0.942
4510.000	-0.942
4520.000	-0.935
4530.000	-1.106
4540.000	-1.179
4550.000	-1.239
4560.000	-1.269
4570.000	-1.342
4580.000	-1.394
4590.000	-1.342
4600.000	-1.407
4610.000	-1.327
4620.000	-1.342
4630.000	-1.244
4640.000	-1.164
4650.000	-1.113
4660.000	-1.096
4670.000	-1.017
4680.000	-0.965
4690.000	-1.030
4700.000	-0.950
4710.000	-1.030
4720.000	-1.030
4730.000	-1.017
4740.000	-1.113
4750.000	-1.178
4760.000	-1.164
4770.000	-1.261
4780.000	-1.253
4790.000	-1.239
4800.000	-1.246
4810.000	-1.181
4820.000	-1.166
4830.000	-1.179
4840.000	-1.098
4850.000	-1.018
4860.000	-0.966
4870.000	-0.877
4880.000	-0.870
4890.000	-0.883
4900.000	-0.891
4910.000	-0.877
4920.000	-0.973
4930.000	-0.900
4940.000	-0.951
4950.000	-1.048
4960.000	-1.259
4970.000	-1.259
4980.000	-1.339
4990.000	-1.404
5000.000	-1.404
5010.000	-1.411
5020.000	-1.395
5030.000	-1.395
5040.000	-1.408
5050.000	-1.172
5060.000	-1.172
5070.000	-1.099
5080.000	-1.025
5090.000	-1.025
5100.000	-0.952
5110.000	-0.879
5120.000	-0.879
5130.000	-0.952
5140.000	-0.952
5150.000	-0.952
5160.000	-0.952
5170.000	-1.099
5180.000	-1.099
5190.000	-1.025
5200.000	-1.099
5210.000	-1.099
5220.000	-1.099
5230.000	-0.952
5240.000	-0.952
5250.000	-0.879
5260.000	-0.806
5270.000	-0.806
5280.000	-0.659
5290.000	-0.586
5300.000	-0.586
5310.000	-0.513
5320.000	-0.513
5330.000	-0.513
5340.000	-0.513
5350.000	-0.366
5360.000	-0.366
5370.000	-0.366
5380.000	-0.293
5390.000	-0.293
5400.000	-0.293
5410.000	-0.220
5420.000	-0.220
5430.000	-0.220
5440.000	-0.220
5450.000	-0.220
5460.000	-0.220
5470.000	-0.146
5480.000	-0.146
5490.000	-0.146
5500.000	-0.073
5510.000	-0.073
5520.000	-0.073
5530.000	-0.000
5540.000	-0.000
5550.000	-0.000
5560.000	-0.000
5570.000	-0.000
5580.000	-0.000
5590.000	0.073
5600.000	0.073
5610.000	0.073
5620.000	0.073
5630.000	0.140
5640.000	0.140
5650.000	0.140
5660.000	0.213
5670.000	0.213
5680.000	0.213
5690.000	0.140
5700.000	0.213
5710.000	0.213
5720.000	0.280
5730.000	0.213
5740.000	0.294
5750.000	0.294
5760.000	0.221
5770.000	0.294
5780.000	0.294
5790.000	0.368
5800.000	0.294
5810.000	0.361
5820.000	0.294
5830.000	0.368
5840.000	0.286
5850.000	0.360
5860.000	0.360
5870.000	0.353
5880.000	0.353
5890.000	0.353
5900.000	0.426
5910.000	0.360
5920.000	0.433
5930.000	0.426
5940.000	0.426
5950.000	0.426
5960.000	0.499
5970.000	0.433
5980.000	0.506
5990.000	0.433
6000.000	0.441
6010.000	0.441
6020.000	0.441
6030.000	0.374
6040.000	0.448
6050.000	0.374
6060.000	0.301
6070.000	0.374
6080.000	0.301
6090.000	0.301
6100.000	0.220
6110.000	0.220
6120.000	0.228
6130.000	0.228
6140.000	0.155
6150.000	0.155
6160.000	0.155
6170.000	0.081
6180.000	0.081
6190.000	0.081
6200.000	0.081
6210.000	0.081
6220.000	-0.000
6230.000	-0.000
6240.000	-0.000
6250.000	-0.000
6260.000	-0.000
6270.000	-0.000
6280.000	-0.000
6290.000	-0.000
6300.000	-0.081
6310.000	-0.081
6320.000	-0.081
6330.000	-0.081
6340.000	-0.155
6350.000	-0.155
6360.000	-0.155
6370.000	-0.228
6380.000	-0.228
6390.000	-0.228
6400.000	-0.220
6410.000	-0.220
6420.000	-0.220
6430.000	-0.293
6440.000	-0.293
6450.000	-0.293
6460.000	-0.366
6470.000	-0.366
6480.000	-0.293
6490.000	-0.293
6500.000	-0.293
6510.000	-0.366
6520.000	-0.366
6530.000	-0.293
6540.000	-0.374
6550.000	-0.301
6560.000	-0.301
6570.000	-0.301
6580.000	-0.301
6590.000	-0.228
6600.000	-0.309
6610.000	-0.236
6620.000	-0.236
6630.000	-0.236
6640.000	-0.155
6650.000	-0.221
6660.000	-0.221
6670.000	-0.148
6680.000	-0.148
6690.000	-0.148
6700.000	-0.067
6710.000	-0.067
6720.000	-0.067
6730.000	-0.140
6740.000	-0.140
6750.000	-0.073
6760.000	-0.073
6770.000	-0.073
6780.000	-0.073
6790.000	-0.073
6800.000	-0.073
6810.000	-0.073
6820.000	-0.073
6830.000	-0.000
6840.000	-0.000
6850.000	-0.000
6860.000	-0.000
6870.000	-0.000
6880.000	-0.000
6890.000	-0.000
6900.000	0.081
6910.000	0.081
6920.000	0.081
6930.000	0.081
6940.000	0.081
6950.000	0.081
6960.000	0.163
6970.000	0.163
6980.000	0.163
6990.000	0.163
7000.000	0.081
7010.000	0.148
7020.000	0.148
7030.000	0.221
7040.000	0.221
7050.000	0.221
7060.000	0.140
7070.000	0.140
7080.000	0.213
7090.000	0.213
7100.000	0.213
7110.000	0.146
7120.000	0.220
7130.000	0.220
7140.000	0.146
7150.000	0.146
7160.000	0.213
7170.000	0.213
7180.000	0.140
7190.000	0.140
7200.000	0.140
7210.000	0.221
7220.000	0.221
7230.000	0.148
7240.000	0.148
7250.000	0.148
7260.000	0.081
7270.000	0.081
7280.000	0.148
7290.000	0.148
7300.000	0.148
7310.000	0.067
7320.000	0.067
7330.000	0.067
7340.000	0.067
7350.000	0.067
7360.000	0.067
7370.000	0.067
7380.000	-0.000
