%Time [ms]	Speed [rpm]	%3/20/20191:29 PM
0.000	0.000
10.000	126.619
20.000	128.499
30.000	128.865
40.000	126.653
50.000	127.185
60.000	127.511
70.000	126.545
80.000	128.351
90.000	127.244
100.000	126.172
110.000	126.618
120.000	127.025
130.000	126.093
140.000	127.979
150.000	128.492
160.000	126.162
170.000	126.761
180.000	127.168
190.000	125.996
200.000	128.215
210.000	128.435
220.000	126.016
230.000	127.843
240.000	126.696
250.000	125.584
260.000	127.589
270.000	127.589
280.000	125.443
290.000	127.234
300.000	126.013
310.000	125.414
320.000	127.019
330.000	126.270
340.000	125.465
350.000	125.917
360.000	126.243
370.000	125.444
380.000	127.264
390.000	126.352
400.000	125.487
410.000	127.551
420.000	126.338
430.000	125.393
440.000	126.272
450.000	127.639
460.000	125.242
470.000	126.334
480.000	126.253
490.000	125.307
500.000	127.800
510.000	126.042
520.000	125.183
530.000	126.129
540.000	127.122
550.000	125.169
560.000	126.028
570.000	126.793
580.000	124.721
590.000	127.066
600.000	125.146
610.000	124.507
620.000	125.439
630.000	126.432
640.000	124.360
650.000	125.092
660.000	125.019
670.000	125.019
680.000	125.805
690.000	124.112
700.000	123.673
710.000	125.337
720.000	125.264
730.000	123.059
740.000	124.887
750.000	124.740
760.000	124.221
770.000	123.895
780.000	123.895
790.000	123.749
800.000	124.115
810.000	123.602
820.000	122.544
830.000	124.423
840.000	123.455
850.000	123.455
860.000	123.901
870.000	122.875
880.000	122.090
890.000	122.163
900.000	122.309
910.000	123.147
920.000	123.840
930.000	122.733
940.000	122.207
950.000	123.005
960.000	123.005
970.000	123.371
980.000	123.937
990.000	123.937
1000.000	123.158
1010.000	122.751
1020.000	123.264
1030.000	123.264
1040.000	123.423
1050.000	122.333
1060.000	121.687
1070.000	122.590
1080.000	122.444
1090.000	122.371
1100.000	122.857
1110.000	121.839
1120.000	121.100
1130.000	122.044
1140.000	122.191
1150.000	122.118
1160.000	122.397
1170.000	121.201
1180.000	120.715
1190.000	121.822
1200.000	121.602
1210.000	121.748
1220.000	121.609
1230.000	120.518
1240.000	120.145
1250.000	120.821
1260.000	121.187
1270.000	119.809
1280.000	121.621
1290.000	120.148
1300.000	119.749
1310.000	120.538
1320.000	120.831
1330.000	121.051
1340.000	120.984
1350.000	120.529
1360.000	119.417
1370.000	121.666
1380.000	120.339
1390.000	120.486
1400.000	120.958
1410.000	120.169
1420.000	120.169
1430.000	119.876
1440.000	119.949
1450.000	119.949
1460.000	120.915
1470.000	119.678
1480.000	119.678
1490.000	119.824
1500.000	119.897
1510.000	119.897
1520.000	119.751
1530.000	119.604
1540.000	119.604
1550.000	119.678
1560.000	119.458
1570.000	119.458
1580.000	119.238
1590.000	119.165
1600.000	119.165
1610.000	118.945
1620.000	118.579
1630.000	118.579
1640.000	118.945
1650.000	118.799
1660.000	118.799
1670.000	118.652
1680.000	118.652
1690.000	118.652
1700.000	118.506
1710.000	118.433
1720.000	118.359
1730.000	118.066
1740.000	117.847
1750.000	117.114
1760.000	118.107
1770.000	117.814
1780.000	117.741
1790.000	117.521
1800.000	117.668
1810.000	116.795
1820.000	117.788
1830.000	117.861
1840.000	117.788
1850.000	118.228
1860.000	117.235
1870.000	116.656
1880.000	117.648
1890.000	116.670
1900.000	118.413
1910.000	118.413
1920.000	117.420
1930.000	117.420
1940.000	117.420
1950.000	117.566
1960.000	117.566
1970.000	118.146
1980.000	118.278
1990.000	118.278
2000.000	117.041
2010.000	116.821
2020.000	116.821
2030.000	116.968
2040.000	116.895
2050.000	116.895
2060.000	116.675
2070.000	116.528
2080.000	116.382
2090.000	116.235
2100.000	115.942
2110.000	115.510
2120.000	116.332
2130.000	116.332
2140.000	116.185
2150.000	116.258
2160.000	115.965
2170.000	115.533
2180.000	116.420
2190.000	116.420
2200.000	116.420
2210.000	116.926
2220.000	115.518
2230.000	114.992
2240.000	115.228
2250.000	115.374
2260.000	115.447
2270.000	115.807
2280.000	114.847
2290.000	113.928
2300.000	115.051
2310.000	114.904
2320.000	115.124
2330.000	115.137
2340.000	114.755
2350.000	113.896
2360.000	114.775
2370.000	114.995
2380.000	114.848
2390.000	115.694
2400.000	114.205
2410.000	114.205
2420.000	114.278
2430.000	114.644
2440.000	114.644
2450.000	115.210
2460.000	114.258
2470.000	113.479
2480.000	114.667
2490.000	114.227
2500.000	114.594
2510.000	114.594
2520.000	114.520
2530.000	113.815
2540.000	113.375
2550.000	114.718
2560.000	114.352
2570.000	114.984
2580.000	113.723
2590.000	113.383
2600.000	114.327
2610.000	114.034
2620.000	114.034
2630.000	114.374
2640.000	114.520
2650.000	112.545
2660.000	113.782
2670.000	113.929
2680.000	112.630
2690.000	114.199
2700.000	113.181
2710.000	112.702
2720.000	113.646
2730.000	113.573
2740.000	113.353
2750.000	113.986
2760.000	112.749
2770.000	111.903
2780.000	113.568
2790.000	112.485
2800.000	111.786
2810.000	113.177
2820.000	111.867
2830.000	111.334
2840.000	112.400
2850.000	112.327
2860.000	111.448
2870.000	112.920
2880.000	112.481
2890.000	111.595
2900.000	111.855
2910.000	112.018
2920.000	111.478
2930.000	113.313
2940.000	111.954
2950.000	111.195
2960.000	113.067
2970.000	112.074
2980.000	111.315
2990.000	112.794
3000.000	113.014
3010.000	111.327
3020.000	112.851
3030.000	111.549
3040.000	112.746
3050.000	112.746
3060.000	111.606
3070.000	111.606
3080.000	112.146
3090.000	111.625
3100.000	110.879
3110.000	112.159
3120.000	111.394
3130.000	111.394
3140.000	111.640
3150.000	110.883
3160.000	110.284
3170.000	110.952
3180.000	110.878
3190.000	110.732
3200.000	111.551
3210.000	110.444
3220.000	109.552
3230.000	110.691
3240.000	110.545
3250.000	110.471
3260.000	111.071
3270.000	109.964
3280.000	109.231
3290.000	110.306
3300.000	109.720
3310.000	109.939
3320.000	110.685
3330.000	109.180
3340.000	109.546
3350.000	109.399
3360.000	109.106
3370.000	109.473
3380.000	109.912
3390.000	108.545
3400.000	108.179
3410.000	109.066
3420.000	108.773
3430.000	109.139
3440.000	108.773
3450.000	108.773
3460.000	108.267
3470.000	108.845
3480.000	109.138
3490.000	109.064
3500.000	109.577
3510.000	108.836
3520.000	108.051
3530.000	108.783
3540.000	109.223
3550.000	108.710
3560.000	109.436
3570.000	108.785
3580.000	107.852
3590.000	109.049
3600.000	108.609
3610.000	108.609
3620.000	109.395
3630.000	108.370
3640.000	108.370
3650.000	108.370
3660.000	108.370
3670.000	107.770
3680.000	108.043
3690.000	108.043
3700.000	107.524
3710.000	107.231
3720.000	108.273
3730.000	107.494
3740.000	108.307
3750.000	108.161
3760.000	107.582
3770.000	109.076
3780.000	109.223
3790.000	107.247
3800.000	108.564
3810.000	109.004
3820.000	107.043
3830.000	108.612
3840.000	107.358
3850.000	106.872
3860.000	108.241
3870.000	106.833
3880.000	106.547
3890.000	107.790
3900.000	106.846
3910.000	106.007
3920.000	107.723
3930.000	106.494
3940.000	105.935
3950.000	107.422
3960.000	105.654
3970.000	105.800
3980.000	107.169
3990.000	106.559
4000.000	105.720
4010.000	106.119
4020.000	106.282
4030.000	106.009
4040.000	107.333
4050.000	106.259
4060.000	106.459
4070.000	107.557
4080.000	106.402
4090.000	105.636
4100.000	106.035
4110.000	107.663
4120.000	105.518
4130.000	106.010
4140.000	106.254
4150.000	106.041
4160.000	107.284
4170.000	106.039
4180.000	105.360
4190.000	107.143
4200.000	107.216
4210.000	106.101
4220.000	106.920
4230.000	106.920
4240.000	105.838
4250.000	105.905
4260.000	105.148
4270.000	104.795
4280.000	106.304
4290.000	104.994
4300.000	105.214
4310.000	104.774
4320.000	105.140
4330.000	104.235
4340.000	105.073
4350.000	105.146
4360.000	105.293
4370.000	105.353
4380.000	104.449
4390.000	104.043
4400.000	104.889
4410.000	104.816
4420.000	104.450
4430.000	104.916
4440.000	103.785
4450.000	103.579
4460.000	103.945
4470.000	103.871
4480.000	104.018
4490.000	104.204
4500.000	103.505
4510.000	102.772
4520.000	103.594
4530.000	103.667
4540.000	103.741
4550.000	104.093
4560.000	103.288
4570.000	102.902
4580.000	103.658
4590.000	103.732
4600.000	103.658
4610.000	104.171
4620.000	103.129
4630.000	102.657
4640.000	103.389
4650.000	103.536
4660.000	103.462
4670.000	103.775
4680.000	103.018
4690.000	102.492
4700.000	103.428
4710.000	103.428
4720.000	103.575
4730.000	104.048
4740.000	103.095
4750.000	103.095
4760.000	103.095
4770.000	103.169
4780.000	103.169
4790.000	103.695
4800.000	102.759
4810.000	102.759
4820.000	102.539
4830.000	102.466
4840.000	102.466
4850.000	102.246
4860.000	102.466
4870.000	102.466
4880.000	101.314
4890.000	102.608
4900.000	101.589
4910.000	102.802
4920.000	102.875
4930.000	101.943
4940.000	102.830
4950.000	102.757
4960.000	101.678
4970.000	102.956
4980.000	103.668
4990.000	101.315
5000.000	103.091
5010.000	101.805
5020.000	100.953
5030.000	102.617
5040.000	101.877
5050.000	100.885
5060.000	102.387
5070.000	101.109
5080.000	100.530
5090.000	102.231
5100.000	101.108
5110.000	100.522
5120.000	102.091
5130.000	100.919
5140.000	100.180
5150.000	101.896
5160.000	100.960
5170.000	100.581
5180.000	101.949
5190.000	101.014
5200.000	100.161
5210.000	100.527
5220.000	100.853
5230.000	100.294
5240.000	101.692
5250.000	100.894
5260.000	100.262
5270.000	101.431
5280.000	99.796
5290.000	100.162
5300.000	101.804
5310.000	101.804
5320.000	100.376
5330.000	101.863
5340.000	99.799
5350.000	100.018
5360.000	101.587
5370.000	100.724
5380.000	101.497
5390.000	101.277
5400.000	100.414
5410.000	99.775
5420.000	100.715
5430.000	100.007
5440.000	101.119
5450.000	100.533
5460.000	99.597
5470.000	99.291
5480.000	99.990
5490.000	99.771
5500.000	99.624
5510.000	100.117
5520.000	99.490
5530.000	98.711
5540.000	99.256
5550.000	99.549
5560.000	99.623
5570.000	99.782
5580.000	98.790
5590.000	98.031
5600.000	99.040
5610.000	99.113
5620.000	98.820
5630.000	99.306
5640.000	98.541
5650.000	97.762
5660.000	98.462
5670.000	98.535
5680.000	98.535
5690.000	99.148
5700.000	97.992
5710.000	97.226
5720.000	98.146
5730.000	98.292
5740.000	98.219
5750.000	98.559
5760.000	97.566
5770.000	96.933
5780.000	98.008
5790.000	98.154
5800.000	98.227
5810.000	98.700
5820.000	97.634
5830.000	97.002
5840.000	97.758
5850.000	98.051
5860.000	98.125
5870.000	98.464
5880.000	97.463
5890.000	96.837
5900.000	97.920
5910.000	98.139
5920.000	98.213
5930.000	98.625
5940.000	97.722
5950.000	96.890
5960.000	97.647
5970.000	97.866
5980.000	97.940
5990.000	98.346
6000.000	97.190
6010.000	96.431
6020.000	97.261
6030.000	97.261
6040.000	97.481
6050.000	98.093
6060.000	97.263
6070.000	97.190
6080.000	96.824
6090.000	96.751
6100.000	96.751
6110.000	97.290
6120.000	96.606
6130.000	96.606
6140.000	96.460
6150.000	96.533
6160.000	95.721
6170.000	96.478
6180.000	96.478
6190.000	96.005
6200.000	96.583
6210.000	96.436
6220.000	96.090
6230.000	96.611
6240.000	96.318
6250.000	95.499
6260.000	97.060
6270.000	96.010
6280.000	95.351
6290.000	95.531
6300.000	95.856
6310.000	95.197
6320.000	96.211
6330.000	95.324
6340.000	94.738
6350.000	96.151
6360.000	95.182
6370.000	94.656
6380.000	95.096
6390.000	96.292
6400.000	94.716
6410.000	95.229
6420.000	95.392
6430.000	94.799
6440.000	96.345
6450.000	95.458
6460.000	95.458
6470.000	95.911
6480.000	96.131
6490.000	94.555
6500.000	95.968
6510.000	96.041
6520.000	94.991
6530.000	95.584
6540.000	94.624
6550.000	94.164
6560.000	95.051
6570.000	95.125
6580.000	95.125
6590.000	95.431
6600.000	94.544
6610.000	94.224
6620.000	94.949
6630.000	94.949
6640.000	95.022
6650.000	95.335
6660.000	94.301
6670.000	93.908
6680.000	94.551
6690.000	94.844
6700.000	94.771
6710.000	94.871
6720.000	94.073
6730.000	93.614
6740.000	94.257
6750.000	94.257
6760.000	94.477
6770.000	94.576
6780.000	93.787
6790.000	93.121
6800.000	93.919
6810.000	93.919
6820.000	93.919
6830.000	94.085
6840.000	93.076
6850.000	92.763
6860.000	93.170
6870.000	93.170
6880.000	93.170
6890.000	93.543
6900.000	92.599
6910.000	91.966
6920.000	92.682
6930.000	92.829
6940.000	92.403
6950.000	93.505
6960.000	92.805
6970.000	92.952
6980.000	92.659
6990.000	92.586
7000.000	92.146
7010.000	93.470
7020.000	92.608
7030.000	92.534
7040.000	93.034
7050.000	92.171
7060.000	91.665
7070.000	92.455
7080.000	92.601
7090.000	92.748
7100.000	93.114
7110.000	92.422
7120.000	91.983
7130.000	92.601
7140.000	92.601
7150.000	92.308
7160.000	92.594
7170.000	91.805
7180.000	91.372
7190.000	91.999
7200.000	92.072
7210.000	92.219
7220.000	92.512
7230.000	91.747
7240.000	91.247
7250.000	92.321
7260.000	92.468
7270.000	91.755
7280.000	92.799
7290.000	92.025
7300.000	91.320
7310.000	92.028
7320.000	92.028
7330.000	91.468
7340.000	91.895
7350.000	91.895
7360.000	91.262
7370.000	92.357
7380.000	91.600
7390.000	90.901
7400.000	92.307
7410.000	91.452
7420.000	90.893
7430.000	91.306
7440.000	92.071
7450.000	90.584
7460.000	91.745
7470.000	91.143
7480.000	90.657
7490.000	92.048
7500.000	91.055
7510.000	90.489
7520.000	90.462
7530.000	91.292
7540.000	89.901
7550.000	91.307
7560.000	90.485
7570.000	89.726
7580.000	90.725
7590.000	89.887
7600.000	89.407
7610.000	89.680
7620.000	91.113
7630.000	89.670
7640.000	89.783
7650.000	89.783
7660.000	89.310
7670.000	90.753
7680.000	90.021
7690.000	89.335
7700.000	89.741
7710.000	90.807
7720.000	89.335
7730.000	89.801
7740.000	90.753
7750.000	89.148
7760.000	90.524
7770.000	89.620
7780.000	89.287
7790.000	90.323
7800.000	90.396
7810.000	88.858
7820.000	90.248
7830.000	90.322
7840.000	89.190
7850.000	90.225
7860.000	89.395
7870.000	88.989
7880.000	90.299
7890.000	89.509
7900.000	88.897
7910.000	90.354
7920.000	89.516
7930.000	88.977
7940.000	90.109
7950.000	89.539
7960.000	88.860
7970.000	90.088
7980.000	89.038
7990.000	88.592
8000.000	90.035
8010.000	89.196
8020.000	88.444
8030.000	89.480
8040.000	88.674
8050.000	88.075
8060.000	89.584
8070.000	88.542
8080.000	88.150
8090.000	89.711
8100.000	88.881
8110.000	88.062
8120.000	88.155
8130.000	88.562
8140.000	88.036
8150.000	89.286
8160.000	88.163
8170.000	87.710
8180.000	89.153
8190.000	87.965
8200.000	87.019
8210.000	88.514
8220.000	88.733
8230.000	87.091
8240.000	87.544
8250.000	87.788
8260.000	87.135
8270.000	87.295
8280.000	87.214
8290.000	86.774
8300.000	88.143
8310.000	87.321
8320.000	87.541
8330.000	87.694
8340.000	87.767
8350.000	86.339
8360.000	87.545
8370.000	87.985
8380.000	87.163
8390.000	87.382
8400.000	86.739
8410.000	86.134
8420.000	85.694
8430.000	86.858
8440.000	87.078
8450.000	87.317
8460.000	86.544
8470.000	86.011
8480.000	86.589
8490.000	86.809
8500.000	86.882
8510.000	87.268
8520.000	87.415
8530.000	86.098
8540.000	86.603
8550.000	86.603
8560.000	86.969
8570.000	87.428
8580.000	86.484
8590.000	85.912
8600.000	86.644
8610.000	86.644
8620.000	86.717
8630.000	87.310
8640.000	86.512
8650.000	85.940
8660.000	85.647
8670.000	86.371
8680.000	86.298
8690.000	87.017
8700.000	86.138
8710.000	85.419
8720.000	86.127
8730.000	85.907
8740.000	85.834
8750.000	86.626
8760.000	86.480
8770.000	85.030
8780.000	85.966
8790.000	85.746
8800.000	85.746
8810.000	86.319
8820.000	85.391
8830.000	84.885
8840.000	85.511
8850.000	85.365
8860.000	85.658
8870.000	85.651
8880.000	85.008
8890.000	84.575
8900.000	83.916
8910.000	85.023
8920.000	84.597
8930.000	85.559
8940.000	84.712
8950.000	84.566
8960.000	84.419
8970.000	84.566
8980.000	84.493
8990.000	84.632
9000.000	85.145
9010.000	83.666
9020.000	84.531
9030.000	84.075
9040.000	83.250
9050.000	84.267
9060.000	84.120
9070.000	83.781
9080.000	84.334
9090.000	84.334
9100.000	84.481
9110.000	84.487
9120.000	84.121
9130.000	83.549
9140.000	85.058
9150.000	84.187
9160.000	83.967
9170.000	84.527
9180.000	83.461
9190.000	83.321
9200.000	84.037
9210.000	83.964
9220.000	83.265
9230.000	84.456
9240.000	83.992
9250.000	83.279
9260.000	84.101
9270.000	84.175
9280.000	84.321
9290.000	84.754
9300.000	83.378
9310.000	83.378
9320.000	84.607
9330.000	83.988
9340.000	83.842
9350.000	84.115
9360.000	83.293
9370.000	83.293
9380.000	83.512
9390.000	83.512
9400.000	83.512
9410.000	83.659
9420.000	82.837
9430.000	82.837
9440.000	82.764
9450.000	82.690
9460.000	82.404
9470.000	83.080
9480.000	82.787
9490.000	83.080
9500.000	82.933
9510.000	82.567
9520.000	82.567
9530.000	82.713
9540.000	82.860
9550.000	82.860
9560.000	82.926
9570.000	82.178
9580.000	82.178
9590.000	82.178
9600.000	81.812
9610.000	81.812
9620.000	81.885
9630.000	81.738
9640.000	81.738
9650.000	81.592
9660.000	81.445
9670.000	81.445
9680.000	81.519
9690.000	81.445
9700.000	81.445
9710.000	81.299
9720.000	81.299
9730.000	81.299
9740.000	81.519
9750.000	81.079
9760.000	81.079
9770.000	81.226
9780.000	81.299
9790.000	81.299
9800.000	80.859
9810.000	81.006
9820.000	81.006
9830.000	81.152
9840.000	81.226
9850.000	81.226
9860.000	80.933
9870.000	81.006
9880.000	81.006
9890.000	81.079
9900.000	80.566
9910.000	80.566
9920.000	81.079
9930.000	80.933
9940.000	80.933
9950.000	80.566
9960.000	80.786
9970.000	80.786
9980.000	80.713
9990.000	80.786
10000.000	80.786
10010.000	81.079
10020.000	81.079
10030.000	81.079
10040.000	80.640
10050.000	80.933
10060.000	80.493
10070.000	80.859
10080.000	80.786
10090.000	80.174
10100.000	80.987
10110.000	80.694
10120.000	80.987
10130.000	80.401
10140.000	80.694
10150.000	79.942
10160.000	80.593
10170.000	80.666
10180.000	80.447
10190.000	80.766
10200.000	79.952
10210.000	79.706
10220.000	80.121
10230.000	80.194
10240.000	80.487
10250.000	80.654
10260.000	79.783
10270.000	79.237
10280.000	80.018
10290.000	80.091
10300.000	79.945
10310.000	80.191
10320.000	79.557
10330.000	78.904
10340.000	79.498
10350.000	79.571
10360.000	79.571
10370.000	79.898
10380.000	79.190
10390.000	78.970
10400.000	79.043
10410.000	78.823
10420.000	78.237
10430.000	79.036
10440.000	78.467
10450.000	78.467
10460.000	78.687
10470.000	78.320
10480.000	77.874
10490.000	78.981
10500.000	78.542
10510.000	78.615
10520.000	79.347
10530.000	78.834
10540.000	77.991
10550.000	78.935
10560.000	78.422
10570.000	78.129
10580.000	78.576
10590.000	78.087
10600.000	77.868
10610.000	78.014
10620.000	78.340
10630.000	78.120
10640.000	79.289
10650.000	78.125
10660.000	77.905
10670.000	78.418
10680.000	78.963
10690.000	77.839
10700.000	79.141
10710.000	78.848
10720.000	77.856
10730.000	79.240
10740.000	78.084
10750.000	77.798
10760.000	79.344
10770.000	79.051
10780.000	77.794
10790.000	79.406
10800.000	78.251
10810.000	77.898
10820.000	79.296
10830.000	78.206
10840.000	77.926
10850.000	79.213
10860.000	77.960
10870.000	77.607
10880.000	79.028
10890.000	77.848
10900.000	78.067
10910.000	78.567
10920.000	77.468
10930.000	77.175
10940.000	78.203
10950.000	77.422
10960.000	77.715
10970.000	77.922
10980.000	77.214
10990.000	77.214
11000.000	77.140
11010.000	77.360
11020.000	77.360
11030.000	77.580
11040.000	76.831
11050.000	76.831
11060.000	76.685
11070.000	76.831
11080.000	76.831
11090.000	76.465
11100.000	76.611
11110.000	76.611
11120.000	76.318
11130.000	76.465
11140.000	76.392
11150.000	76.318
11160.000	76.025
11170.000	75.459
11180.000	76.452
11190.000	76.306
11200.000	76.013
11210.000	75.793
11220.000	75.647
11230.000	75.347
11240.000	75.933
11250.000	75.713
11260.000	75.860
11270.000	76.279
11280.000	75.506
11290.000	75.033
11300.000	75.619
11310.000	75.912
11320.000	75.912
11330.000	76.065
11340.000	75.333
11350.000	75.553
11360.000	75.553
11370.000	75.406
11380.000	75.406
11390.000	75.806
11400.000	75.366
11410.000	74.933
11420.000	74.567
11430.000	75.405
11440.000	75.139
11450.000	74.626
11460.000	75.636
11470.000	75.090
11480.000	74.797
11490.000	74.870
11500.000	74.797
11510.000	76.165
11520.000	76.238
11530.000	74.981
11540.000	76.061
11550.000	76.500
11560.000	74.999
11570.000	76.049
11580.000	76.122
11590.000	75.716
11600.000	76.392
11610.000	75.382
11620.000	75.529
11630.000	75.802
11640.000	75.135
11650.000	74.715
11660.000	75.729
11670.000	75.078
11680.000	74.472
11690.000	74.805
11700.000	74.805
11710.000	74.951
11720.000	74.805
11730.000	74.951
11740.000	74.805
11750.000	74.931
11760.000	74.264
11770.000	74.064
11780.000	75.411
11790.000	75.337
11800.000	74.515
11810.000	74.076
11820.000	74.222
11830.000	73.870
11840.000	74.358
11850.000	74.578
11860.000	74.285
11870.000	74.558
11880.000	73.890
11890.000	73.817
11900.000	73.890
11910.000	73.890
11920.000	74.037
11930.000	73.877
11940.000	73.242
11950.000	72.630
11960.000	73.427
11970.000	73.500
11980.000	73.134
11990.000	73.281
12000.000	72.988
12010.000	72.655
12020.000	72.761
12030.000	72.980
12040.000	72.980
12050.000	73.373
12060.000	72.649
12070.000	72.103
12080.000	73.055
12090.000	72.835
12100.000	73.128
12110.000	73.022
12120.000	72.696
12130.000	72.170
12140.000	72.886
12150.000	72.813
12160.000	72.740
12170.000	72.993
12180.000	72.187
12190.000	72.274
12200.000	72.371
12210.000	72.738
12220.000	72.591
12230.000	73.117
12240.000	72.328
12250.000	71.875
12260.000	72.510
12270.000	72.583
12280.000	72.583
12290.000	72.496
12300.000	72.179
12310.000	72.179
12320.000	72.545
12330.000	71.753
12340.000	72.705
12350.000	73.011
12360.000	72.596
12370.000	72.070
12380.000	72.550
12390.000	72.624
12400.000	72.477
12410.000	72.331
12420.000	72.038
12430.000	72.637
12440.000	72.311
12450.000	72.604
12460.000	72.311
12470.000	72.764
12480.000	72.064
12490.000	71.678
12500.000	72.223
12510.000	72.297
12520.000	72.150
12530.000	72.270
12540.000	71.643
12550.000	70.978
12560.000	71.686
12570.000	71.612
12580.000	71.759
12590.000	71.999
12600.000	71.527
12610.000	71.140
12620.000	71.930
12630.000	71.710
12640.000	71.857
12650.000	72.156
12660.000	71.521
12670.000	71.009
12680.000	71.643
12690.000	71.570
12700.000	71.570
12710.000	71.663
12720.000	70.874
12730.000	70.375
12740.000	70.936
12750.000	71.009
12760.000	70.936
12770.000	71.156
12780.000	70.521
12790.000	70.088
12800.000	70.560
12810.000	70.634
12820.000	70.634
12830.000	70.913
12840.000	70.205
12850.000	69.633
12860.000	70.259
12870.000	70.332
12880.000	70.186
12890.000	70.472
12900.000	69.854
12910.000	69.854
12920.000	69.854
12930.000	69.927
12940.000	69.927
12950.000	70.133
12960.000	69.434
12970.000	69.434
12980.000	69.507
12990.000	69.360
13000.000	69.360
13010.000	69.507
13020.000	69.580
13030.000	69.580
13040.000	69.287
13050.000	69.580
13060.000	69.580
13070.000	69.087
13080.000	69.633
13090.000	69.420
13100.000	69.957
13110.000	69.883
13120.000	69.317
13130.000	70.091
13140.000	70.017
13150.000	69.445
13160.000	69.974
13170.000	70.759
13180.000	69.368
13190.000	70.493
13200.000	69.736
13210.000	69.503
13220.000	69.776
13230.000	69.776
13240.000	69.223
13250.000	70.333
13260.000	69.511
13270.000	68.859
13280.000	70.168
13290.000	69.477
13300.000	69.124
13310.000	69.886
13320.000	70.179
13330.000	68.840
13340.000	70.149
13350.000	69.392
13360.000	69.252
13370.000	70.051
13380.000	69.441
13390.000	68.875
13400.000	69.228
13410.000	68.984
13420.000	68.551
13430.000	69.483
13440.000	68.800
13450.000	68.314
13460.000	69.275
13470.000	68.909
13480.000	68.210
13490.000	69.386
13500.000	69.313
13510.000	68.662
13520.000	68.582
13530.000	68.745
13540.000	68.252
13550.000	68.518
13560.000	68.437
13570.000	67.871
13580.000	68.497
13590.000	68.171
13600.000	68.171
13610.000	68.245
13620.000	67.716
13630.000	67.716
13640.000	67.989
13650.000	67.614
13660.000	67.614
13670.000	68.107
13680.000	67.383
13690.000	67.383
13700.000	67.017
13710.000	66.943
13720.000	66.943
13730.000	67.163
13740.000	66.943
13750.000	66.943
13760.000	67.017
13770.000	66.724
13780.000	66.724
13790.000	66.724
13800.000	67.090
13810.000	67.090
13820.000	66.797
13830.000	66.504
13840.000	66.504
13850.000	66.650
13860.000	66.870
13870.000	66.870
13880.000	66.870
13890.000	66.650
13900.000	66.650
13910.000	66.357
13920.000	66.504
13930.000	66.650
13940.000	66.724
13950.000	66.650
13960.000	66.038
13970.000	65.965
13980.000	66.632
13990.000	66.778
14000.000	66.778
14010.000	66.485
14020.000	66.279
14030.000	66.548
14040.000	66.548
14050.000	66.694
14060.000	67.087
14070.000	67.233
14080.000	65.820
14090.000	66.553
14100.000	66.626
14110.000	66.992
14120.000	67.272
14130.000	66.417
14140.000	66.218
14150.000	66.405
14160.000	66.551
14170.000	66.624
14180.000	67.224
14190.000	65.959
14200.000	66.309
14210.000	66.235
14220.000	66.162
14230.000	66.129
14240.000	67.142
14250.000	66.369
14260.000	66.296
14270.000	66.150
14280.000	66.076
14290.000	66.409
14300.000	66.084
14310.000	66.084
14320.000	66.010
14330.000	66.337
14340.000	65.596
14350.000	65.363
14360.000	65.851
14370.000	65.851
14380.000	65.851
14390.000	65.978
14400.000	65.514
14410.000	65.181
14420.000	65.669
14430.000	65.669
14440.000	65.130
14450.000	65.892
14460.000	65.331
14470.000	64.924
14480.000	65.405
14490.000	65.258
14500.000	65.331
14510.000	65.444
14520.000	65.103
14530.000	64.510
14540.000	65.383
14550.000	65.074
14560.000	65.001
14570.000	65.041
14580.000	64.414
14590.000	64.168
14600.000	64.884
14610.000	64.517
14620.000	64.298
14630.000	64.890
14640.000	64.044
14650.000	63.591
14660.000	64.307
14670.000	64.381
14680.000	64.381
14690.000	64.554
14700.000	63.838
14710.000	63.957
14720.000	64.031
14730.000	64.031
14740.000	64.397
14750.000	64.483
14760.000	63.694
14770.000	63.381
14780.000	63.926
14790.000	64.000
14800.000	63.853
14810.000	64.099
14820.000	64.026
14830.000	63.234
14840.000	63.714
14850.000	64.227
14860.000	63.861
14870.000	64.173
14880.000	63.848
14890.000	63.335
14900.000	63.791
14910.000	63.937
14920.000	63.645
14930.000	64.144
14940.000	63.664
14950.000	62.998
14960.000	63.828
14970.000	63.755
14980.000	63.608
14990.000	64.194
15000.000	63.445
15010.000	62.986
15020.000	63.922
15030.000	63.922
15040.000	63.775
15050.000	64.295
15060.000	63.538
15070.000	63.232
15080.000	63.622
15090.000	63.622
15100.000	63.915
15110.000	63.582
15120.000	63.582
15130.000	63.802
15140.000	63.436
15150.000	63.363
15160.000	63.476
15170.000	63.994
15180.000	63.457
15190.000	63.603
15200.000	63.090
15210.000	63.736
15220.000	62.834
15230.000	62.899
15240.000	63.192
15250.000	63.338
15260.000	63.005
15270.000	62.794
15280.000	62.621
15290.000	62.621
15300.000	63.060
15310.000	63.207
15320.000	62.954
15330.000	62.669
15340.000	62.888
15350.000	62.376
15360.000	62.669
15370.000	62.429
15380.000	62.895
15390.000	62.529
15400.000	62.749
15410.000	62.089
15420.000	62.382
15430.000	62.675
15440.000	61.870
15450.000	62.089
15460.000	61.930
15470.000	62.381
15480.000	61.515
15490.000	61.662
15500.000	61.564
15510.000	62.004
15520.000	61.498
15530.000	61.571
15540.000	61.937
15550.000	61.371
15560.000	62.133
15570.000	61.482
15580.000	61.482
15590.000	61.946
15600.000	60.925
15610.000	60.998
15620.000	61.716
15630.000	61.350
15640.000	60.930
15650.000	61.781
15660.000	61.325
15670.000	60.926
15680.000	61.873
15690.000	61.336
15700.000	61.336
15710.000	61.718
15720.000	61.287
15730.000	60.654
15740.000	61.586
15750.000	61.082
15760.000	60.576
15770.000	61.545
15780.000	61.024
15790.000	60.451
15800.000	61.554
15810.000	60.878
15820.000	60.193
15830.000	61.598
15840.000	60.792
15850.000	60.446
15860.000	60.773
15870.000	60.773
15880.000	60.414
15890.000	61.198
15900.000	60.921
15910.000	60.502
15920.000	60.895
15930.000	60.732
15940.000	60.339
15950.000	60.758
15960.000	60.677
15970.000	60.624
15980.000	60.617
15990.000	60.780
16000.000	60.554
16010.000	61.160
16020.000	61.526
16030.000	60.550
16040.000	60.723
16050.000	61.317
16060.000	60.089
16070.000	60.582
16080.000	61.306
16090.000	60.359
16100.000	61.106
16110.000	60.699
16120.000	60.273
16130.000	60.127
16140.000	61.478
16150.000	60.198
16160.000	60.604
16170.000	60.074
16180.000	60.074
16190.000	60.858
16200.000	60.191
16210.000	60.124
16220.000	60.583
16230.000	60.949
16240.000	59.625
16250.000	60.824
16260.000	60.677
16270.000	60.010
16280.000	60.702
16290.000	59.905
16300.000	59.558
16310.000	60.113
16320.000	60.081
16330.000	59.715
16340.000	60.201
16350.000	59.468
16360.000	59.408
16370.000	59.506
16380.000	59.506
16390.000	59.726
16400.000	59.852
16410.000	59.217
16420.000	58.791
16430.000	59.589
16440.000	59.223
16450.000	59.003
16460.000	59.283
16470.000	59.258
16480.000	58.432
16490.000	58.766
16500.000	58.839
16510.000	59.059
16520.000	59.192
16530.000	58.321
16540.000	58.135
16550.000	58.924
16560.000	58.705
16570.000	58.192
16580.000	58.798
16590.000	58.245
16600.000	58.391
16610.000	57.952
16620.000	58.025
16630.000	57.845
16640.000	58.829
16650.000	57.966
16660.000	58.113
16670.000	58.113
16680.000	58.186
16690.000	57.733
16700.000	57.994
16710.000	58.287
16720.000	57.881
16730.000	58.606
16740.000	57.662
16750.000	57.555
16760.000	57.889
16770.000	58.182
16780.000	57.369
16790.000	58.538
16800.000	57.912
16810.000	57.785
16820.000	58.199
16830.000	57.727
16840.000	57.554
16850.000	58.442
16860.000	57.962
16870.000	57.230
16880.000	57.822
16890.000	57.741
16900.000	57.628
16910.000	57.909
16920.000	57.754
16930.000	57.368
16940.000	58.566
16950.000	57.712
16960.000	57.186
16970.000	57.772
16980.000	58.333
16990.000	57.512
17000.000	57.926
17010.000	57.918
17020.000	57.392
17030.000	58.657
17040.000	57.193
17050.000	57.966
17060.000	58.418
17070.000	58.345
17080.000	57.457
17090.000	58.034
17100.000	57.953
17110.000	57.660
17120.000	58.406
17130.000	57.307
17140.000	57.707
17150.000	57.544
17160.000	57.544
17170.000	57.764
17180.000	57.724
17190.000	57.480
17200.000	56.880
17210.000	57.670
17220.000	57.230
17230.000	57.304
17240.000	57.563
17250.000	57.099
17260.000	56.846
17270.000	57.229
17280.000	57.009
17290.000	57.009
17300.000	57.535
17310.000	56.819
17320.000	56.446
17330.000	57.146
17340.000	56.853
17350.000	57.146
17360.000	57.106
17370.000	56.577
17380.000	56.464
17390.000	56.846
17400.000	56.920
17410.000	56.627
17420.000	56.999
17430.000	56.446
17440.000	56.080
17450.000	55.933
17460.000	56.536
17470.000	56.536
17480.000	56.576
17490.000	55.973
17500.000	55.574
17510.000	56.257
17520.000	56.038
17530.000	56.038
17540.000	56.257
17550.000	55.964
17560.000	55.336
17570.000	55.783
17580.000	55.710
17590.000	55.856
17600.000	55.743
17610.000	55.133
17620.000	55.113
17630.000	55.097
17640.000	55.243
17650.000	55.316
17660.000	55.270
17670.000	55.115
17680.000	54.682
17690.000	54.894
17700.000	55.114
17710.000	55.114
17720.000	55.134
17730.000	55.150
17740.000	54.717
17750.000	54.847
17760.000	54.701
17770.000	54.701
17780.000	55.060
17790.000	54.922
17800.000	54.483
17810.000	54.686
17820.000	54.833
17830.000	54.613
17840.000	54.826
17850.000	54.842
17860.000	54.842
17870.000	54.549
17880.000	54.476
17890.000	54.476
17900.000	54.622
17910.000	54.565
17920.000	54.565
17930.000	54.346
17940.000	54.346
17950.000	54.346
17960.000	54.272
17970.000	54.639
17980.000	54.639
17990.000	54.346
18000.000	54.419
18010.000	54.346
18020.000	54.199
18030.000	54.199
18040.000	54.319
18050.000	54.539
18060.000	54.319
18070.000	54.539
18080.000	54.173
18090.000	54.319
18100.000	54.432
18110.000	54.644
18120.000	54.571
18130.000	54.790
18140.000	54.744
18150.000	54.231
18160.000	54.218
18170.000	54.665
18180.000	54.519
18190.000	54.519
18200.000	54.552
18210.000	54.121
18220.000	54.107
18230.000	54.474
18240.000	54.400
18250.000	54.400
18260.000	54.707
18270.000	54.186
18280.000	54.186
18290.000	54.332
18300.000	54.113
18310.000	54.113
18320.000	54.126
18330.000	53.906
18340.000	53.906
18350.000	53.833
18360.000	53.906
18370.000	53.906
18380.000	53.833
18390.000	53.467
18400.000	53.380
18410.000	53.885
18420.000	53.885
18430.000	53.579
18440.000	53.847
18450.000	52.922
18460.000	52.922
18470.000	53.589
18480.000	53.735
18490.000	53.529
18500.000	54.291
18510.000	53.713
18520.000	53.713
18530.000	53.580
18540.000	53.311
18550.000	53.105
18560.000	53.860
18570.000	53.412
18580.000	53.412
18590.000	53.545
18600.000	52.577
18610.000	52.304
18620.000	52.971
18630.000	53.044
18640.000	52.898
18650.000	52.885
18660.000	52.762
18670.000	52.197
18680.000	52.546
18690.000	52.473
18700.000	52.620
18710.000	52.893
18720.000	52.079
18730.000	51.739
18740.000	52.073
18750.000	52.512
18760.000	52.219
18770.000	51.953
18780.000	51.872
18790.000	51.945
18800.000	51.872
18810.000	52.018
18820.000	52.018
18830.000	52.211
18840.000	51.951
18850.000	51.525
18860.000	51.940
18870.000	51.698
18880.000	51.698
18890.000	51.625
18900.000	51.625
18910.000	51.625
18920.000	51.551
18930.000	51.405
18940.000	51.405
18950.000	51.831
18960.000	51.562
18970.000	51.562
18980.000	51.416
18990.000	51.416
19000.000	51.416
19010.000	51.343
19020.000	51.270
19030.000	51.270
19040.000	51.416
19050.000	51.416
19060.000	51.416
19070.000	51.270
19080.000	51.343
19090.000	51.343
19100.000	51.196
19110.000	51.196
19120.000	51.196
19130.000	51.343
19140.000	51.196
19150.000	51.196
19160.000	50.977
19170.000	51.270
19180.000	51.270
19190.000	51.343
19200.000	51.196
19210.000	51.196
19220.000	51.123
19230.000	51.270
19240.000	51.270
19250.000	51.270
19260.000	51.343
19270.000	51.343
19280.000	51.416
19290.000	51.270
19300.000	51.270
19310.000	51.196
19320.000	51.270
19330.000	51.270
19340.000	51.270
19350.000	51.050
19360.000	51.050
19370.000	50.977
19380.000	51.196
19390.000	51.196
19400.000	51.196
19410.000	51.270
19420.000	50.803
19430.000	51.064
19440.000	51.064
19450.000	51.137
19460.000	50.991
19470.000	50.844
19480.000	50.917
19490.000	50.624
19500.000	50.917
19510.000	50.917
19520.000	51.383
19530.000	50.757
19540.000	50.291
19550.000	50.535
19560.000	50.755
19570.000	50.495
19580.000	50.747
19590.000	50.747
19600.000	50.068
19610.000	49.995
19620.000	50.402
19630.000	50.355
19640.000	51.147
19650.000	50.829
19660.000	50.230
19670.000	50.343
19680.000	50.262
19690.000	49.942
19700.000	50.800
19710.000	50.874
19720.000	49.934
19730.000	50.445
19740.000	49.973
19750.000	49.447
19760.000	49.753
19770.000	50.217
19780.000	49.440
19790.000	50.313
19800.000	49.987
19810.000	49.528
19820.000	50.223
19830.000	49.613
19840.000	49.227
19850.000	49.460
19860.000	49.997
19870.000	49.154
19880.000	49.320
19890.000	49.076
19900.000	48.543
19910.000	48.637
19920.000	48.718
19930.000	48.618
19940.000	49.232
19950.000	49.305
19960.000	48.395
19970.000	49.157
19980.000	49.231
19990.000	48.469
20000.000	49.083
20010.000	49.229
20020.000	48.692
20030.000	48.865
20040.000	48.491
20050.000	48.384
20060.000	48.969
20070.000	48.659
20080.000	48.586
20090.000	48.892
20100.000	48.445
20110.000	48.445
20120.000	48.372
20130.000	48.225
20140.000	48.225
20150.000	48.332
20160.000	47.900
20170.000	47.900
20180.000	47.827
20190.000	47.827
20200.000	47.827
20210.000	47.827
20220.000	47.681
20230.000	47.681
20240.000	47.827
20250.000	47.827
20260.000	47.827
20270.000	47.754
20280.000	47.900
20290.000	47.900
20300.000	47.974
20310.000	47.974
20320.000	47.974
20330.000	48.047
20340.000	48.047
20350.000	48.047
20360.000	47.974
20370.000	47.900
20380.000	47.900
20390.000	47.754
20400.000	47.827
20410.000	47.827
20420.000	47.827
20430.000	47.754
20440.000	47.754
20450.000	47.681
20460.000	47.900
20470.000	47.900
20480.000	48.047
20490.000	48.047
20500.000	48.047
20510.000	47.674
20520.000	48.203
20530.000	47.910
20540.000	47.764
20550.000	48.292
20560.000	47.986
20570.000	48.279
20580.000	48.133
20590.000	47.766
20600.000	48.222
20610.000	48.449
20620.000	47.553
20630.000	48.286
20640.000	48.432
20650.000	47.471
20660.000	48.151
20670.000	47.712
20680.000	47.346
20690.000	48.078
20700.000	47.549
20710.000	47.189
20720.000	48.003
20730.000	47.637
20740.000	47.198
20750.000	47.997
20760.000	47.476
20770.000	47.116
20780.000	47.930
20790.000	47.417
20800.000	47.118
20810.000	47.835
20820.000	47.314
20830.000	46.882
20840.000	47.614
20850.000	47.175
20860.000	47.248
20870.000	47.461
20880.000	46.940
20890.000	46.720
20900.000	47.386
20910.000	46.955
20920.000	46.729
20930.000	47.365
20940.000	46.925
20950.000	46.925
20960.000	46.779
20970.000	46.779
20980.000	46.486
20990.000	47.137
21000.000	46.697
21010.000	46.278
21020.000	46.862
21030.000	46.439
21040.000	46.080
21050.000	45.933
21060.000	46.527
21070.000	46.181
21080.000	46.832
21090.000	46.254
21100.000	45.895
21110.000	46.021
21120.000	46.103
21130.000	45.823
21140.000	46.459
21150.000	46.166
21160.000	45.219
21170.000	45.826
21180.000	45.321
21190.000	45.048
21200.000	45.685
21210.000	45.831
21220.000	44.966
21230.000	45.099
21240.000	45.180
21250.000	45.127
21260.000	45.585
21270.000	45.252
21280.000	44.906
21290.000	45.594
21300.000	45.170
21310.000	44.964
21320.000	45.585
21330.000	45.732
21340.000	44.881
21350.000	45.154
21360.000	45.317
21370.000	45.111
21380.000	45.091
21390.000	45.091
21400.000	44.611
21410.000	44.818
21420.000	44.818
21430.000	44.471
21440.000	44.598
21450.000	45.094
21460.000	44.406
21470.000	44.539
21480.000	45.085
21490.000	44.397
21500.000	45.136
21510.000	45.063
21520.000	44.442
21530.000	45.130
21540.000	45.349
21550.000	44.513
21560.000	45.202
21570.000	45.055
21580.000	44.530
21590.000	44.974
21600.000	44.640
21610.000	44.640
21620.000	44.846
21630.000	44.358
21640.000	44.078
21650.000	44.752
21660.000	44.263
21670.000	44.337
21680.000	44.463
21690.000	44.292
21700.000	44.019
21710.000	44.166
21720.000	44.662
21730.000	44.735
21740.000	44.795
21750.000	44.462
21760.000	44.195
21770.000	44.676
21780.000	44.676
21790.000	44.749
21800.000	44.949
21810.000	44.875
21820.000	44.039
21830.000	44.292
21840.000	44.365
21850.000	44.218
21860.000	44.485
21870.000	44.151
21880.000	44.024
21890.000	44.366
21900.000	44.440
21910.000	44.513
21920.000	44.852
21930.000	44.454
21940.000	44.320
21950.000	44.475
21960.000	44.475
21970.000	44.402
21980.000	44.602
21990.000	44.113
22000.000	43.840
22010.000	44.101
22020.000	43.808
22030.000	43.615
22040.000	44.073
22050.000	44.065
22060.000	43.799
22070.000	43.872
22080.000	44.279
22090.000	44.079
22100.000	44.360
22110.000	43.880
22120.000	43.953
22130.000	44.220
22140.000	43.894
22150.000	43.555
22160.000	44.147
22170.000	43.854
22180.000	43.447
22190.000	43.500
22200.000	43.492
22210.000	43.232
22220.000	43.867
22230.000	43.720
22240.000	43.574
22250.000	43.547
22260.000	43.222
22270.000	43.109
22280.000	43.515
22290.000	43.589
22300.000	43.296
22310.000	43.409
22320.000	42.847
22330.000	42.728
22340.000	43.200
22350.000	43.493
22360.000	43.053
22370.000	43.093
22380.000	42.466
22390.000	42.140
22400.000	42.767
22410.000	42.694
22420.000	42.620
22430.000	42.740
22440.000	42.341
22450.000	41.875
22460.000	42.315
22470.000	42.315
22480.000	42.461
22490.000	42.714
22500.000	42.014
22510.000	41.708
22520.000	42.017
22530.000	42.091
22540.000	41.944
22550.000	41.971
22560.000	41.605
22570.000	41.431
22580.000	41.667
22590.000	41.374
22600.000	41.521
22610.000	41.900
22620.000	41.591
22630.000	41.065
22640.000	41.204
22650.000	41.350
22660.000	41.570
22670.000	41.596
22680.000	41.141
22690.000	41.114
22700.000	41.505
22710.000	41.431
22720.000	40.992
22730.000	41.298
22740.000	41.087
22750.000	40.780
22760.000	40.927
22770.000	41.147
22780.000	41.293
22790.000	41.173
22800.000	40.636
22810.000	40.330
22820.000	40.997
22830.000	40.851
22840.000	40.851
22850.000	41.303
22860.000	40.937
22870.000	40.558
22880.000	40.541
22890.000	40.908
22900.000	40.834
22910.000	40.921
22920.000	40.620
22930.000	40.593
22940.000	40.805
22950.000	40.512
22960.000	40.585
22970.000	40.745
22980.000	40.395
22990.000	40.149
23000.000	40.759
23010.000	41.052
23020.000	40.539
23030.000	40.712
23040.000	40.427
23050.000	40.201
23060.000	40.575
23070.000	40.795
23080.000	41.088
23090.000	40.822
23100.000	39.912
23110.000	40.294
23120.000	40.514
23130.000	40.514
23140.000	40.414
23150.000	41.243
23160.000	40.502
23170.000	40.356
23180.000	40.282
23190.000	40.795
23200.000	41.022
23210.000	40.566
23220.000	40.859
23230.000	40.619
23240.000	40.841
23250.000	40.312
23260.000	40.605
23270.000	40.385
23280.000	40.459
23290.000	40.459
23300.000	40.605
23310.000	40.385
23320.000	40.006
23330.000	40.620
23340.000	40.425
23350.000	40.125
23360.000	40.198
23370.000	40.865
23380.000	40.493
23390.000	40.476
23400.000	40.476
23410.000	40.390
23420.000	40.745
23430.000	40.444
23440.000	40.351
23450.000	40.772
23460.000	40.200
23470.000	39.972
23480.000	39.978
23490.000	40.223
23500.000	39.983
23510.000	40.663
23520.000	40.322
23530.000	40.102
23540.000	40.268
23550.000	40.426
23560.000	40.426
23570.000	40.426
23580.000	39.905
23590.000	39.905
23600.000	40.072
23610.000	39.551
23620.000	39.624
23630.000	39.771
23640.000	39.917
23650.000	39.771
23660.000	39.697
23670.000	39.331
23680.000	39.331
23690.000	39.551
23700.000	39.478
23710.000	39.478
23720.000	39.404
23730.000	38.965
23740.000	38.965
23750.000	39.258
23760.000	39.185
23770.000	39.185
23780.000	39.258
23790.000	38.745
23800.000	38.745
23810.000	39.038
23820.000	38.892
23830.000	38.892
23840.000	38.892
23850.000	38.379
23860.000	38.379
23870.000	38.599
23880.000	38.452
23890.000	38.452
23900.000	38.745
23910.000	38.159
23920.000	38.159
23930.000	38.452
23940.000	38.086
23950.000	38.086
23960.000	38.306
23970.000	38.232
23980.000	38.232
23990.000	38.159
24000.000	38.159
24010.000	38.159
24020.000	37.793
24030.000	37.939
24040.000	37.939
24050.000	37.793
24060.000	37.573
24070.000	37.573
24080.000	37.573
24090.000	37.354
24100.000	37.354
24110.000	37.354
24120.000	37.427
24130.000	37.427
24140.000	37.280
24150.000	37.280
24160.000	37.280
24170.000	37.354
24180.000	37.280
24190.000	37.280
24200.000	37.354
24210.000	37.280
24220.000	37.280
24230.000	37.207
24240.000	37.134
24250.000	37.134
24260.000	36.987
24270.000	37.134
24280.000	36.774
24290.000	36.921
24300.000	36.921
24310.000	36.594
24320.000	37.091
24330.000	36.651
24340.000	36.944
24350.000	36.725
24360.000	36.871
24370.000	36.658
24380.000	36.806
24390.000	36.879
24400.000	36.586
24410.000	37.206
24420.000	36.489
24430.000	36.436
24440.000	36.762
24450.000	36.762
24460.000	36.908
24470.000	36.609
24480.000	36.674
24490.000	36.267
24500.000	36.902
24510.000	36.682
24520.000	36.609
24530.000	36.809
24540.000	36.483
24550.000	36.490
24560.000	36.352
24570.000	36.718
24580.000	36.425
24590.000	36.904
24600.000	36.270
24610.000	36.070
24620.000	36.615
24630.000	36.542
24640.000	36.762
24650.000	36.462
24660.000	36.381
24670.000	36.048
24680.000	36.764
24690.000	36.617
24700.000	36.617
24710.000	36.817
24720.000	36.418
24730.000	36.358
24740.000	36.220
24750.000	36.660
24760.000	36.513
24770.000	37.139
24780.000	36.350
24790.000	36.150
24800.000	36.703
24810.000	36.557
24820.000	36.923
24830.000	36.617
24840.000	36.535
24850.000	36.129
24860.000	36.845
24870.000	36.406
24880.000	36.552
24890.000	36.752
24900.000	36.345
24910.000	36.358
24920.000	35.846
24930.000	36.773
24940.000	36.554
24950.000	37.106
24960.000	36.244
24970.000	36.257
24980.000	36.493
24990.000	36.493
25000.000	36.713
25010.000	36.407
25020.000	36.700
25030.000	35.878
25040.000	36.586
25050.000	36.147
25060.000	36.367
25070.000	36.280
25080.000	36.264
25090.000	35.997
25100.000	35.940
25110.000	36.307
25120.000	36.160
25130.000	36.640
25140.000	35.785
25150.000	35.872
25160.000	36.026
25170.000	36.319
25180.000	35.953
25190.000	36.146
25200.000	35.690
25210.000	35.764
25220.000	35.756
25230.000	35.609
25240.000	35.756
25250.000	35.962
25260.000	35.661
25270.000	35.255
25280.000	35.556
25290.000	35.702
25300.000	35.775
25310.000	35.556
25320.000	35.417
25330.000	35.218
25340.000	35.682
25350.000	35.315
25360.000	35.389
25370.000	35.648
25380.000	35.347
25390.000	34.874
25400.000	35.257
25410.000	35.403
25420.000	35.157
25430.000	35.438
25440.000	34.828
25450.000	34.921
25460.000	35.067
25470.000	34.994
25480.000	34.921
25490.000	35.247
25500.000	34.572
25510.000	34.312
25520.000	34.615
25530.000	34.534
25540.000	34.534
25550.000	34.514
25560.000	34.368
25570.000	33.981
25580.000	34.274
25590.000	33.981
25600.000	34.348
25610.000	34.168
25620.000	34.257
25630.000	33.658
25640.000	34.268
25650.000	33.975
25660.000	33.756
25670.000	34.215
25680.000	33.629
25690.000	33.596
25700.000	33.580
25710.000	33.799
25720.000	33.506
25730.000	33.593
25740.000	33.202
25750.000	32.983
25760.000	33.349
25770.000	33.129
25780.000	33.276
25790.000	33.309
25800.000	32.959
25810.000	32.986
25820.000	33.026
25830.000	33.026
25840.000	33.100
25850.000	33.100
25860.000	32.807
25870.000	32.633
25880.000	32.829
25890.000	32.902
25900.000	32.902
25910.000	32.875
25920.000	32.688
25930.000	32.468
25940.000	32.704
25950.000	32.851
25960.000	32.631
25970.000	32.804
25980.000	32.463
25990.000	32.223
26000.000	32.573
26010.000	32.353
26020.000	32.500
26030.000	32.646
26040.000	32.190
26050.000	32.044
26060.000	32.312
26070.000	32.459
26080.000	32.312
26090.000	32.259
26100.000	32.349
26110.000	32.129
26120.000	31.982
26130.000	31.982
26140.000	31.982
26150.000	32.349
26160.000	31.714
26170.000	31.714
26180.000	32.153
26190.000	31.507
26200.000	31.507
26210.000	32.159
26220.000	32.232
26230.000	31.779
26240.000	32.267
26250.000	32.121
26260.000	32.048
26270.000	32.194
26280.000	31.901
26290.000	31.941
26300.000	32.400
26310.000	31.895
26320.000	32.115
26330.000	32.055
26340.000	31.713
26350.000	31.760
26360.000	31.800
26370.000	31.874
26380.000	32.167
26390.000	31.907
26400.000	31.801
26410.000	31.788
26420.000	31.275
26430.000	31.934
26440.000	32.081
26450.000	32.034
26460.000	31.920
26470.000	31.701
26480.000	31.912
26490.000	31.985
26500.000	31.985
26510.000	32.052
26520.000	32.459
26530.000	31.873
26540.000	32.166
26550.000	32.019
26560.000	31.726
26570.000	32.622
26580.000	31.971
26590.000	32.044
26600.000	32.264
26610.000	32.064
26620.000	31.723
26630.000	32.309
26640.000	31.723
26650.000	31.943
26660.000	32.309
26670.000	31.487
26680.000	31.687
26690.000	32.037
26700.000	31.744
26710.000	32.110
26720.000	32.190
26730.000	31.751
26740.000	31.817
26750.000	32.013
26760.000	32.013
26770.000	32.159
26780.000	32.033
26790.000	31.829
26800.000	31.683
26810.000	31.723
26820.000	32.016
26830.000	31.797
26840.000	31.877
26850.000	31.828
26860.000	31.328
26870.000	31.597
26880.000	31.963
26890.000	31.331
26900.000	31.738
26910.000	31.843
26920.000	31.271
26930.000	31.686
26940.000	31.979
26950.000	31.539
26960.000	31.819
26970.000	31.697
26980.000	31.191
26990.000	31.864
27000.000	31.823
27010.000	31.311
27020.000	31.590
27030.000	31.468
27040.000	30.896
27050.000	31.303
27060.000	31.522
27070.000	31.229
27080.000	31.369
27090.000	30.962
27100.000	30.962
27110.000	31.035
27120.000	30.889
27130.000	30.889
27140.000	31.169
27150.000	31.128
27160.000	30.562
27170.000	30.814
27180.000	31.107
27190.000	30.741
27200.000	30.814
27210.000	30.887
27220.000	30.448
27230.000	30.765
27240.000	30.692
27250.000	30.546
27260.000	30.892
27270.000	30.493
27280.000	30.127
27290.000	30.615
27300.000	30.396
27310.000	30.249
27320.000	30.615
27330.000	30.225
27340.000	29.952
27350.000	30.464
27360.000	30.171
27370.000	30.171
27380.000	30.171
27390.000	29.683
27400.000	29.696
27410.000	29.859
27420.000	29.493
27430.000	30.006
27440.000	30.059
27450.000	29.253
27460.000	29.267
27470.000	29.584
27480.000	29.657
27490.000	29.437
27500.000	29.424
27510.000	29.554
27520.000	29.221
27530.000	29.099
27540.000	29.173
27550.000	29.246
27560.000	29.452
27570.000	29.062
27580.000	28.655
27590.000	29.201
27600.000	29.274
27610.000	28.981
27620.000	28.948
27630.000	28.557
27640.000	28.697
27650.000	28.616
27660.000	28.469
27670.000	28.469
27680.000	28.582
27690.000	28.403
27700.000	28.077
27710.000	28.321
27720.000	28.394
27730.000	28.394
27740.000	28.547
27750.000	28.336
27760.000	28.076
27770.000	28.304
27780.000	28.304
27790.000	28.231
27800.000	28.337
27810.000	28.093
27820.000	27.920
27830.000	28.148
27840.000	28.075
27850.000	28.001
27860.000	28.261
27870.000	27.887
27880.000	27.707
27890.000	27.797
27900.000	27.943
27910.000	27.943
27920.000	28.043
27930.000	27.742
27940.000	27.262
27950.000	27.629
27960.000	27.775
27970.000	27.702
27980.000	27.955
27990.000	27.426
28000.000	27.173
28010.000	27.580
28020.000	27.580
28030.000	27.400
28040.000	27.652
28050.000	27.432
28060.000	26.959
28070.000	27.325
28080.000	27.618
28090.000	27.618
28100.000	27.725
28110.000	27.098
28120.000	26.998
28130.000	27.479
28140.000	27.414
28150.000	27.434
28160.000	27.589
28170.000	27.370
28180.000	26.930
28190.000	27.003
28200.000	27.296
28210.000	27.050
28220.000	27.679
28230.000	27.231
28240.000	27.158
28250.000	27.065
28260.000	27.016
28270.000	27.036
28280.000	27.248
28290.000	27.141
28300.000	27.060
28310.000	27.233
28320.000	26.997
28330.000	26.897
28340.000	27.279
28350.000	27.206
28360.000	27.279
28370.000	27.113
28380.000	26.901
28390.000	27.234
28400.000	27.153
28410.000	27.299
28420.000	27.006
28430.000	27.253
28440.000	26.724
28450.000	26.624
28460.000	27.169
28470.000	27.169
28480.000	27.316
28490.000	27.016
28500.000	26.959
28510.000	26.706
28520.000	26.991
28530.000	27.284
28540.000	27.211
28550.000	27.530
28560.000	26.765
28570.000	26.732
28580.000	26.960
28590.000	27.106
28600.000	27.399
28610.000	27.359
28620.000	27.221
28630.000	26.748
28640.000	27.106
28650.000	27.253
28660.000	27.253
28670.000	27.652
28680.000	27.058
28690.000	27.058
28700.000	26.692
28710.000	26.912
28720.000	26.912
28730.000	27.018
28740.000	26.880
28750.000	26.880
28760.000	26.880
28770.000	26.880
28780.000	26.880
28790.000	27.026
28800.000	27.173
28810.000	27.173
28820.000	26.953
28830.000	26.733
28840.000	26.733
28850.000	26.807
28860.000	27.100
28870.000	27.100
28880.000	27.173
28890.000	26.733
28900.000	26.733
28910.000	26.733
28920.000	26.953
28930.000	26.953
28940.000	26.953
28950.000	26.733
28960.000	26.733
28970.000	26.660
28980.000	26.660
28990.000	26.660
29000.000	26.807
29010.000	26.880
29020.000	26.880
29030.000	26.514
29040.000	26.367
29050.000	26.367
29060.000	26.514
29070.000	26.660
29080.000	26.554
29090.000	26.928
29100.000	26.635
29110.000	26.462
29120.000	26.364
29130.000	26.511
29140.000	26.404
29150.000	26.534
29160.000	26.628
29170.000	26.530
29180.000	26.636
29190.000	26.262
29200.000	26.262
29210.000	26.362
29220.000	26.313
29230.000	26.313
29240.000	26.346
29250.000	26.123
29260.000	26.123
29270.000	26.147
29280.000	26.001
29290.000	26.001
29300.000	25.928
29310.000	25.928
29320.000	25.928
29330.000	25.781
29340.000	25.708
29350.000	25.708
29360.000	25.854
29370.000	25.781
29380.000	25.781
29390.000	25.635
29400.000	25.562
29410.000	25.562
29420.000	25.488
29430.000	25.122
29440.000	25.122
29450.000	25.562
29460.000	25.562
29470.000	25.562
29480.000	25.269
29490.000	25.269
29500.000	25.269
29510.000	25.269
29520.000	25.195
29530.000	25.195
29540.000	25.122
29550.000	24.829
29560.000	24.829
29570.000	24.609
29580.000	24.463
29590.000	24.463
29600.000	24.609
29610.000	24.463
29620.000	24.463
29630.000	24.243
29640.000	24.463
29650.000	24.463
29660.000	24.463
29670.000	24.536
29680.000	24.536
29690.000	24.390
29700.000	24.390
29710.000	24.390
29720.000	24.463
29730.000	24.097
29740.000	24.097
29750.000	24.023
29760.000	23.877
29770.000	23.877
29780.000	23.730
29790.000	23.804
29800.000	23.804
29810.000	23.730
29820.000	23.804
29830.000	23.804
29840.000	23.730
29850.000	23.437
29860.000	23.437
29870.000	23.437
29880.000	23.291
29890.000	23.291
29900.000	23.145
29910.000	23.218
29920.000	23.218
29930.000	22.925
29940.000	22.925
29950.000	22.925
29960.000	22.998
29970.000	22.778
29980.000	22.778
29990.000	22.705
30000.000	22.559
30010.000	22.559
30020.000	22.412
30030.000	22.485
30040.000	22.485
30050.000	22.559
30060.000	22.485
30070.000	22.485
30080.000	22.339
30090.000	22.339
30100.000	22.339
30110.000	22.559
30120.000	22.559
30130.000	22.559
30140.000	22.339
30150.000	22.412
30160.000	22.412
30170.000	22.559
30180.000	22.266
30190.000	22.266
30200.000	22.046
30210.000	21.973
30220.000	21.973
30230.000	21.826
30240.000	21.753
30250.000	21.753
30260.000	21.899
30270.000	21.899
30280.000	21.899
30290.000	21.753
30300.000	21.753
30310.000	21.753
30320.000	21.973
30330.000	21.826
30340.000	21.826
30350.000	21.606
30360.000	21.533
30370.000	21.533
30380.000	21.460
30390.000	21.313
30400.000	21.313
30410.000	21.606
30420.000	21.680
30430.000	21.680
30440.000	21.460
30450.000	21.533
30460.000	21.533
30470.000	21.533
30480.000	21.387
30490.000	21.387
30500.000	21.387
30510.000	21.387
30520.000	21.387
30530.000	21.167
30540.000	21.313
30550.000	21.313
30560.000	21.606
30570.000	21.313
30580.000	21.313
30590.000	21.167
30600.000	21.240
30610.000	21.240
30620.000	21.094
30630.000	21.094
30640.000	21.094
30650.000	21.313
30660.000	21.313
30670.000	21.313
30680.000	21.094
30690.000	21.167
30700.000	21.167
30710.000	21.021
30720.000	21.021
30730.000	21.021
30740.000	21.240
30750.000	21.313
30760.000	21.313
30770.000	20.947
30780.000	20.947
30790.000	20.947
30800.000	21.021
30810.000	21.094
30820.000	21.094
30830.000	21.167
30840.000	21.167
30850.000	21.167
30860.000	20.801
30870.000	20.874
30880.000	20.874
30890.000	21.094
30900.000	21.094
30910.000	21.021
30920.000	21.094
30930.000	20.947
30940.000	20.961
30950.000	20.879
30960.000	21.245
30970.000	20.733
30980.000	21.026
30990.000	20.952
31000.000	20.959
31010.000	21.195
31020.000	21.049
31030.000	21.195
31040.000	21.109
31050.000	21.263
31060.000	20.790
31070.000	21.157
31080.000	21.010
31090.000	21.157
31100.000	21.150
31110.000	20.914
31120.000	20.927
31130.000	21.009
31140.000	21.009
31150.000	21.009
31160.000	21.335
31170.000	21.042
31180.000	21.195
31190.000	21.195
31200.000	21.122
31210.000	21.195
31220.000	21.255
31230.000	21.174
31240.000	20.628
31250.000	21.165
31260.000	20.799
31270.000	21.165
31280.000	21.012
31290.000	20.865
31300.000	20.878
31310.000	20.960
31320.000	21.033
31330.000	20.887
31340.000	21.213
31350.000	20.749
31360.000	20.989
31370.000	20.915
31380.000	21.062
31390.000	21.135
31400.000	21.195
31410.000	21.114
31420.000	20.847
31430.000	21.157
31440.000	21.010
31450.000	21.157
31460.000	21.063
31470.000	20.990
31480.000	20.797
31490.000	21.114
31500.000	20.895
31510.000	20.895
31520.000	21.161
31530.000	20.779
31540.000	20.932
31550.000	20.761
31560.000	20.907
31570.000	20.781
31580.000	20.901
31590.000	20.901
31600.000	20.641
31610.000	21.023
31620.000	20.730
31630.000	20.817
31640.000	20.721
31650.000	20.819
31660.000	20.699
31670.000	20.752
31680.000	21.224
31690.000	20.514
31700.000	21.091
31710.000	20.395
31720.000	20.762
31730.000	20.732
31740.000	20.748
31750.000	20.695
31760.000	21.043
31770.000	21.189
31780.000	20.464
31790.000	20.930
31800.000	20.320
31810.000	20.653
31820.000	20.433
31830.000	20.596
31840.000	20.543
31850.000	20.661
31860.000	20.580
31870.000	20.047
31880.000	20.365
31890.000	20.219
31900.000	20.318
31910.000	20.445
31920.000	20.510
31930.000	20.310
31940.000	20.185
31950.000	20.046
31960.000	19.780
31970.000	20.231
31980.000	20.239
31990.000	19.986
32000.000	20.179
32010.000	19.927
32020.000	19.609
32030.000	19.890
32040.000	19.996
32050.000	20.016
32060.000	19.957
32070.000	19.745
32080.000	19.419
32090.000	19.818
32100.000	19.745
32110.000	19.604
32120.000	20.004
32130.000	19.410
32140.000	19.297
32150.000	19.496
32160.000	19.529
32170.000	19.489
32180.000	19.482
32190.000	19.189
32200.000	19.002
32210.000	19.306
32220.000	19.159
32230.000	19.006
32240.000	19.339
32250.000	19.046
32260.000	18.939
32270.000	19.272
32280.000	19.093
32290.000	18.920
32300.000	19.090
32310.000	18.787
32320.000	18.714
32330.000	18.891
32340.000	18.525
32350.000	18.485
32360.000	18.641
32370.000	18.494
32380.000	18.281
32390.000	18.454
32400.000	18.617
32410.000	18.484
32420.000	18.378
32430.000	18.353
32440.000	18.254
32450.000	18.294
32460.000	17.968
32470.000	17.515
32480.000	18.151
32490.000	18.005
32500.000	17.472
32510.000	17.559
32520.000	17.722
32530.000	17.835
32540.000	17.731
32550.000	17.658
32560.000	17.695
32570.000	17.546
32580.000	17.546
32590.000	17.386
32600.000	17.674
32610.000	17.894
32620.000	17.125
32630.000	17.199
32640.000	17.475
32650.000	17.042
32660.000	17.168
32670.000	17.201
32680.000	17.121
32690.000	17.232
32700.000	16.810
32710.000	16.664
32720.000	17.230
32730.000	16.904
32740.000	16.598
32750.000	17.234
32760.000	16.762
32770.000	16.522
32780.000	16.944
32790.000	16.627
32800.000	16.627
32810.000	16.741
32820.000	16.448
32830.000	16.366
32840.000	16.640
32850.000	16.070
32860.000	16.150
32870.000	16.439
32880.000	16.024
32890.000	16.170
32900.000	16.323
32910.000	15.990
32920.000	15.850
32930.000	16.175
32940.000	15.842
32950.000	15.915
32960.000	16.201
32970.000	15.786
32980.000	15.646
32990.000	15.817
33000.000	15.744
33010.000	15.671
33020.000	15.884
33030.000	15.632
33040.000	15.425
33050.000	15.678
33060.000	15.531
33070.000	15.458
33080.000	15.744
33090.000	15.427
33100.000	15.147
33110.000	15.554
33120.000	15.334
33130.000	15.334
33140.000	15.687
33150.000	15.142
33160.000	15.002
33170.000	15.409
33180.000	14.970
33190.000	15.189
33200.000	15.542
33210.000	14.842
33220.000	14.982
33230.000	15.153
33240.000	14.787
33250.000	15.153
33260.000	15.220
33270.000	14.739
33280.000	14.893
33290.000	14.746
33300.000	14.673
33310.000	14.893
33320.000	14.753
33330.000	14.728
33340.000	14.542
33350.000	14.477
33360.000	14.697
33370.000	14.477
33380.000	14.617
33390.000	14.763
33400.000	14.284
33410.000	14.438
33420.000	14.438
33430.000	14.292
33440.000	14.332
33450.000	14.250
33460.000	14.164
33470.000	14.131
33480.000	14.131
33490.000	14.058
33500.000	14.098
33510.000	14.090
33520.000	13.963
33530.000	14.053
33540.000	14.126
33550.000	14.053
33560.000	13.993
33570.000	14.026
33580.000	13.886
33590.000	14.057
33600.000	14.130
33610.000	13.983
33620.000	13.890
33630.000	13.874
33640.000	13.801
33650.000	13.874
33660.000	13.874
33670.000	13.874
33680.000	13.940
33690.000	13.696
33700.000	13.696
33710.000	13.550
33720.000	13.770
33730.000	13.770
33740.000	13.696
33750.000	13.330
33760.000	13.330
33770.000	13.623
33780.000	13.623
33790.000	13.623
33800.000	13.770
33810.000	13.477
33820.000	13.550
33830.000	13.257
33840.000	13.550
33850.000	13.423
33860.000	13.570
33870.000	13.716
33880.000	13.423
33890.000	13.497
33900.000	13.204
33910.000	13.517
33920.000	13.517
33930.000	13.443
33940.000	13.663
33950.000	13.423
33960.000	13.350
33970.000	13.077
33980.000	13.517
33990.000	13.370
34000.000	13.250
34010.000	13.596
34020.000	13.271
34030.000	13.417
34040.000	13.051
34050.000	13.491
34060.000	13.298
34070.000	13.416
34080.000	13.562
34090.000	13.269
34100.000	13.463
34110.000	13.023
34120.000	13.282
34130.000	13.062
34140.000	13.363
34150.000	13.437
34160.000	13.263
34170.000	13.272
34180.000	12.859
34190.000	13.461
34200.000	13.135
34210.000	13.509
34220.000	13.649
34230.000	13.502
34240.000	13.348
34250.000	12.982
34260.000	13.494
34270.000	13.101
34280.000	13.449
34290.000	13.286
34300.000	13.466
34310.000	13.165
34320.000	12.872
34330.000	13.312
34340.000	12.978
34350.000	13.344
34360.000	13.198
34370.000	13.517
34380.000	13.216
34390.000	12.883
34400.000	13.347
34410.000	13.127
34420.000	13.347
34430.000	13.274
34440.000	13.534
34450.000	13.062
34460.000	13.135
34470.000	13.281
34480.000	13.101
34490.000	13.434
34500.000	12.971
34510.000	13.483
34520.000	13.044
34530.000	13.044
34540.000	13.124
34550.000	13.279
34560.000	13.206
34570.000	13.059
34580.000	13.532
34590.000	13.093
34600.000	13.179
34610.000	13.187
34620.000	13.334
34630.000	13.334
34640.000	13.107
34650.000	13.498
34660.000	13.132
34670.000	13.205
34680.000	13.278
34690.000	13.278
34700.000	13.192
34710.000	13.330
34720.000	13.330
34730.000	13.037
34740.000	12.891
34750.000	12.891
34760.000	13.330
34770.000	13.257
34780.000	13.257
34790.000	13.477
34800.000	13.403
34810.000	13.403
34820.000	13.110
34830.000	13.257
34840.000	13.257
34850.000	13.403
34860.000	13.330
34870.000	13.330
34880.000	13.330
34890.000	12.964
34900.000	13.330
34910.000	13.037
34920.000	13.257
34930.000	13.330
34940.000	13.184
34950.000	13.184
34960.000	12.777
34970.000	13.461
34980.000	13.022
34990.000	13.315
35000.000	13.315
35010.000	13.388
35020.000	13.121
35030.000	12.967
35040.000	13.480
35050.000	13.113
35060.000	13.373
35070.000	13.056
35080.000	13.435
35090.000	13.199
35100.000	12.979
35110.000	13.346
35120.000	13.246
35130.000	13.327
35140.000	13.054
35150.000	13.494
35160.000	13.347
35170.000	13.274
35180.000	13.407
35190.000	13.204
35200.000	13.357
35210.000	13.121
35220.000	13.487
35230.000	13.194
35240.000	13.247
35250.000	13.247
35260.000	13.067
35270.000	13.377
35280.000	13.157
35290.000	13.523
35300.000	13.224
35310.000	13.240
35320.000	13.173
35330.000	13.222
35340.000	13.369
35350.000	13.149
35360.000	13.548
35370.000	12.946
35380.000	13.033
35390.000	12.813
35400.000	13.179
35410.000	13.252
35420.000	13.026
35430.000	13.417
35440.000	12.977
35450.000	13.124
35460.000	12.831
35470.000	13.137
35480.000	13.107
35490.000	13.254
35500.000	13.254
35510.000	12.961
35520.000	13.107
35530.000	12.628
35540.000	13.230
35550.000	12.937
35560.000	13.157
35570.000	13.144
35580.000	13.160
35590.000	13.013
35600.000	12.720
35610.000	13.087
35620.000	12.767
35630.000	13.181
35640.000	12.726
35650.000	13.092
35660.000	12.726
35670.000	12.799
35680.000	12.679
35690.000	12.817
35700.000	12.891
35710.000	12.671
35720.000	13.210
35730.000	12.616
35740.000	12.709
35750.000	12.547
35760.000	12.986
35770.000	12.620
35780.000	12.740
35790.000	12.675
35800.000	12.628
35810.000	12.604
35820.000	12.311
35830.000	12.750
35840.000	12.584
35850.000	12.600
35860.000	12.200
35870.000	12.803
35880.000	12.510
35890.000	12.510
35900.000	12.337
35910.000	12.581
35920.000	12.268
35930.000	12.422
35940.000	12.496
35950.000	12.569
35960.000	12.146
35970.000	12.146
35980.000	12.253
35990.000	12.318
36000.000	12.245
36010.000	12.045
36020.000	12.496
36030.000	12.122
36040.000	11.949
36050.000	11.859
36060.000	12.152
36070.000	11.899
36080.000	11.988
36090.000	11.850
36100.000	12.163
36110.000	12.037
36120.000	11.752
36130.000	11.646
36140.000	12.030
36150.000	11.827
36160.000	11.580
36170.000	11.899
36180.000	11.923
36190.000	11.743
36200.000	11.536
36210.000	11.569
36220.000	11.535
36230.000	11.853
36240.000	11.349
36250.000	11.449
36260.000	11.549
36270.000	11.630
36280.000	11.184
36290.000	11.502
36300.000	11.396
36310.000	11.423
36320.000	11.334
36330.000	11.196
36340.000	11.269
36350.000	11.389
36360.000	11.242
36370.000	10.776
36380.000	11.117
36390.000	10.832
36400.000	11.051
36410.000	10.732
36420.000	10.927
36430.000	10.681
36440.000	11.112
36450.000	10.599
36460.000	10.746
36470.000	10.699
36480.000	10.732
36490.000	10.565
36500.000	10.289
36510.000	10.582
36520.000	10.362
36530.000	10.608
36540.000	10.030
36550.000	10.224
36560.000	10.102
36570.000	10.175
36580.000	10.102
36590.000	9.975
36600.000	10.178
36610.000	9.872
36620.000	10.303
36630.000	9.937
36640.000	9.937
36650.000	10.037
36660.000	9.939
36670.000	9.979
36680.000	9.686
36690.000	9.776
36700.000	9.776
36710.000	9.716
36720.000	9.504
36730.000	9.358
36740.000	9.366
36750.000	9.366
36760.000	9.220
36770.000	9.253
36780.000	9.326
36790.000	9.097
36800.000	9.138
36810.000	9.138
36820.000	8.991
36830.000	9.284
36840.000	9.056
36850.000	8.910
36860.000	9.056
36870.000	8.836
36880.000	8.956
36890.000	9.023
36900.000	8.689
36910.000	8.836
36920.000	8.616
36930.000	8.836
36940.000	8.836
36950.000	8.469
36960.000	8.396
36970.000	8.396
36980.000	8.130
36990.000	8.350
37000.000	8.350
37010.000	7.983
37020.000	7.764
37030.000	7.764
37040.000	7.690
37050.000	7.837
37060.000	7.837
37070.000	7.690
37080.000	7.397
37090.000	7.397
37100.000	7.324
37110.000	7.471
37120.000	7.471
37130.000	7.324
37140.000	7.104
37150.000	7.104
37160.000	7.104
37170.000	7.471
37180.000	7.471
37190.000	7.251
37200.000	7.178
37210.000	7.178
37220.000	7.031
37230.000	7.251
37240.000	7.251
37250.000	7.178
37260.000	7.104
37270.000	6.958
37280.000	6.812
37290.000	6.885
37300.000	6.898
37310.000	6.979
37320.000	6.979
37330.000	6.833
37340.000	6.613
37350.000	6.467
37360.000	6.613
37370.000	6.613
37380.000	6.540
37390.000	6.540
37400.000	6.527
37410.000	5.933
37420.000	5.933
37430.000	6.226
37440.000	6.152
37450.000	6.152
37460.000	6.079
37470.000	6.226
37480.000	6.226
37490.000	5.786
37500.000	5.933
37510.000	5.933
37520.000	5.933
37530.000	5.640
37540.000	5.640
37550.000	5.859
37560.000	5.420
37570.000	5.420
37580.000	5.347
37590.000	5.566
37600.000	5.566
37610.000	5.420
37620.000	5.493
37630.000	5.493
37640.000	5.566
37650.000	5.200
37660.000	5.200
37670.000	5.127
37680.000	5.200
37690.000	5.200
37700.000	5.054
37710.000	4.907
37720.000	4.907
37730.000	4.834
37740.000	4.761
37750.000	4.761
37760.000	4.614
37770.000	4.614
37780.000	4.501
37790.000	4.566
37800.000	4.566
37810.000	4.493
37820.000	4.420
37830.000	4.273
37840.000	4.220
37850.000	4.269
37860.000	4.269
37870.000	4.169
37880.000	4.062
37890.000	3.737
37900.000	3.697
37910.000	3.892
37920.000	3.892
37930.000	3.719
37940.000	3.512
37950.000	3.317
37960.000	3.357
37970.000	3.579
37980.000	3.725
37990.000	3.666
38000.000	3.592
38010.000	3.323
38020.000	3.157
38030.000	3.216
38040.000	3.257
38050.000	3.363
38060.000	3.356
38070.000	3.234
38080.000	2.994
38090.000	3.021
38100.000	3.021
38110.000	3.067
38120.000	3.274
38130.000	3.388
38140.000	3.242
38150.000	3.062
38160.000	2.956
38170.000	2.790
38180.000	2.753
38190.000	2.680
38200.000	2.620
38210.000	2.647
38220.000	2.393
38230.000	2.393
38240.000	2.393
38250.000	2.417
38260.000	2.330
38270.000	2.375
38280.000	2.432
38290.000	2.412
38300.000	2.390
38310.000	2.316
38320.000	2.324
38330.000	2.302
38340.000	2.302
38350.000	2.191
38360.000	2.220
38370.000	2.123
38380.000	2.036
38390.000	1.999
38400.000	1.901
38410.000	1.815
38420.000	1.645
38430.000	1.534
38440.000	1.534
38450.000	1.645
38460.000	1.682
38470.000	1.755
38480.000	1.784
38490.000	1.768
38500.000	1.755
38510.000	1.784
38520.000	1.695
38530.000	1.695
38540.000	1.622
38550.000	1.540
38560.000	1.474
38570.000	1.417
38580.000	1.400
38590.000	1.387
38600.000	1.498
38610.000	1.482
38620.000	1.542
38630.000	1.555
38640.000	1.482
38650.000	1.466
38660.000	1.414
38670.000	1.324
38680.000	1.311
38690.000	1.178
38700.000	1.015
38710.000	0.935
38720.000	0.883
38730.000	0.810
38740.000	0.803
38750.000	0.657
38760.000	0.649
38770.000	0.576
38780.000	0.524
38790.000	0.597
38800.000	0.516
38810.000	0.530
38820.000	0.449
38830.000	0.442
38840.000	0.376
38850.000	0.376
38860.000	0.369
38870.000	0.369
38880.000	0.288
38890.000	0.281
38900.000	0.281
38910.000	0.200
38920.000	0.200
38930.000	0.133
38940.000	0.133
38950.000	0.133
38960.000	0.067
38970.000	0.067
38980.000	0.067
38990.000	-0.073
